DefaultSC.Venus.SMA       DefaultSC.Venus.ECC       DefaultSC.VenusMJ200Eq.INC   DefaultSC.VenusMJ200Eq.RAAN   DefaultSC.VenusMJ200Eq.AOP   DefaultSC.Venus.RadPer    DefaultSC.Venus.RadApo    DefaultSC.Venus.OrbitPeriod   DefaultSC.Venus.TA        DefaultSC.Venus.EA        
48414.99999996821         0.6999999999999823        30.00000000000188            60.00000000000464             89.99999999999567            14524.49999999132         82305.49999994511         117436.3620677914             151.0000000000045         116.7643539762847         
48415.00000172653         0.7000000000133766        30.00000000000357            59.99999999999505             90.00000000197021            14524.49999987033         82305.50000358273         117436.3620741889             151.0758460141924         116.904119283786          
48415.00000757298         0.7000000000573702        30.00000000000325            59.99999999999707             90.00000000851865            14524.49999949432         82305.50001565165         117436.3620954608             151.3275635641938         117.3691316117013         
48415.00002803145         0.7000000002111059        30.00000000000121            60.00000000000812             90.00000003197204            14524.49999818874         82305.50005787416         117436.3621698975             152.2250733351191         119.0416490150269         
48415.00008836678         0.7000000006650765        30.000000000002              60.00000000000395             90.0000001069466             14524.49999431036         82305.50018242322         117436.3623894233             155.045516181563          124.4442368165999         
48415.0001443351          0.7000000010860711        29.99999999999869            60.00000000001512             90.00000018620707            14524.4999907184          82305.50029795179         117436.3625930601             157.9588260064229         130.2546126007637         
48415.00019038869         0.7000000014328925        30.00000000000581            59.99999999999412             90.00000026136709            14524.49998774311         82305.50039303426         117436.3627606228             160.6660038633267         135.8557594363251         
48415.00022837646         0.7000000017186547        30.00000000000256            60.00000000000291             90.00000033308885            14524.49998530427         82305.50047144866         117436.3628988386             163.2089910464142         141.2844660923163         
48415.00025960078         0.7000000019534708        30.0000000000019             60.00000000000453             90.00000040201085            14524.49998330295         82305.50053589861         117436.363012446              165.6206322418423         146.5711695691394         
48415.00028502742         0.7000000021447906        29.99999999999924            60.00000000000884             90.00000046863545            14524.49998166819         82305.50058838665         117436.3631049591             167.9273374708012         151.7416146113522         
48415.00030539199         0.7000000022980809        30.0000000000025             60.00000000000393             90.00000053341374            14524.49998035601         82305.50063042797         117436.3631790541             170.150895988283          156.8180473158959         
48415.00032124385         0.7000000024174059        30.00000000000157            60.00000000000497             90.00000059671437            14524.49997933445         82305.50066315326         117436.36323673               172.3097543055329         161.8201001555915         
48415.00033300258         0.7000000025057037        30.0000000000007             60.00000000000546             90.00000065889498            14524.49997858713         82305.50068741804         117436.3632795133             174.419947876641          166.7654691599705         
48415.00034091641         0.7000000025653464        30.0000000000026             60.0000000000044              90.0000007203048             14524.49997807367         82305.50070375914         117436.3633083072             176.4958060800444         171.6704501299335         
48415.00034519623         0.7000000025975199        30.00000000000075            60.00000000000487             90.00000078120867            14524.49997779994         82305.50071259252         117436.363323879              178.5505091846042         176.5503800620983         
48415.00034592076         0.7000000026030874        30.00000000000391            60.00000000000493             90.00000084192355            14524.49997774775         82305.50071409375         117436.3633265152             180.5965516918015         181.4200172153055         
48415.00034313334         0.7000000025820476        30.00000000000151            60.00000000000454             90.00000090268847            14524.49997793016         82305.50070833652         117436.3633163733             182.6461522150549         186.2938855654655         
48415.00033674712         0.7000000025339956        30.00000000000056            60.00000000000384             90.00000096386269            14524.49997834074         82305.5006951535          117436.3632931376             184.7116423699664         191.1866051524705         
48415.00032662336         0.700000002457856         30.00000000000138            60.0000000000043              90.00000102567263            14524.49997898991         82305.50067425681         117436.363256303              186.8058642252955         196.1132281904436         
48415.00031252722         0.7000000023517051        29.99999999999854            60.00000000000126             90.00000108847793            14524.49997990036         82305.50064515408         117436.3632050152             188.9426070501624         201.0896014753431         
48415.00029409526         0.70000000221299          30.00000000000186            60.00000000000485             90.00000115260026            14524.49998108667         82305.50060710385         117436.3631379518             191.1371196529421         206.1327787121702         
48415.00027084735         0.7000000020382398        30.00000000000083            60.00000000000282             90.00000121838846            14524.49998257283         82305.50055912187         117436.3630533659             193.4067458026157         211.2615124909132         
48415.00024214571         0.7000000018221888        30.00000000000513            60.0000000000114              90.00000128631027            14524.49998442244         82305.50049986898         117436.362948937              195.7717497438839         216.4968660144235         
48415.00020712234         0.7000000015587783        30.00000000000157            60.00000000000394             90.00000135679031            14524.49998666845         82305.50042757622         117436.362821507              198.2564317407684         221.8630015975381         
48415.00016460702         0.700000001238767         30.00000000000424            60.00000000001202             90.00000143043752            14524.4999894072          82305.50033980684         117436.362666818              200.8906893729971         227.3882304882015         
48415.00011302995         0.7000000008506118        30.00000000000325            60.00000000000998             90.00000150789006            14524.49999272662         82305.50023333328         117436.3624791585             203.7122769596352         233.1064541021953         
48415.0000502058          0.7000000003780226        30.00000000000173            60.00000000000418             90.0000015899552             14524.49999675978         82305.50010365182         117436.3622505773             206.7701884280192         239.0592041050255         
48414.99997310249         0.6999999997979716        30.00000000000236            60.00000000000764             90.00000167758495            14524.50000171195         82305.49994449301         117436.3619700424             210.129911125069          245.2986246707377         
48414.99987730164         0.6999999990771235        30.00000000000233            60.00000000000886             90.00000177198034            14524.50000787156         82305.49974673173         117436.3616214778             213.8819276990364         251.8919889134764         
48414.99977725611         0.6999999983241296        30.00000000000172            60.00000000000282             90.00000185785257            14524.5000143141          82305.49954019813         117436.3612574692             217.4444827386662         257.791567574255          
48414.99965411914         0.6999999973980032        30.00000000000219            60.00000000001251             90.00000194997392            14524.50002221141         82305.49928602687         117436.360809444              221.4662411530719         264.0427546929878         
48414.99953075185         0.6999999964695726        30.00000000000188            60.00000000000945             90.00000203051096            14524.5000301512          82305.49903135252         117436.360360581              225.1982265901481         269.4735315743578         
48414.99938007344         0.6999999953355066        30.00000000000166            60.00000000001076             90.00000211605506            14524.50003985348         82305.4987202934          117436.3598123483             229.4534222281537         275.25737442617           
48414.99922889329         0.6999999941985893        30.00000000000312            59.99999999998516             90.00000219025297            14524.50004954328         82305.49840824329         117436.35926229               233.4652705498207         280.3397145955735         
48414.99904530129         0.6999999928165525        30.00000000000032            60.0000000000198              90.00000226712557            14524.500061377           82305.49802922559         117436.3585943035             238.0763635912215         285.7731803454324         
48414.99883847032         0.6999999912609964        30.00000000000484            59.99999999998296             90.00000233912353            14524.50007463995         82305.4976023007          117436.3578417637             243.0071733266499         291.1450770850296         
48414.99864276638         0.6999999897883274        30.00000000000637            59.99999999997853             90.00000239469887            14524.50008722803         82305.49719830473         117436.3571297088             247.4816682115643         295.6669502901667         
48414.99843896399         0.6999999882550738        30.00000000000564            59.99999999998639             90.00000244104389            14524.50010031978         82305.49677760819         117436.3563881883             251.9911954735572         299.9193116103253         
48414.99822561991         0.6999999866498124        30.00000000000494            59.99999999999197             90.00000247799241            14524.50011403528         82305.49633720456         117436.355611951              256.5927729483214         303.9751503105193         
48414.99800118866         0.699999984960375         29.99999999999849            60.00000000001687             90.00000250485641            14524.50012850001         82305.49587387731         117436.3547953738             261.3421608542064         307.8927517864978         
48414.99776402217         0.6999999831764647        30.0000000000007             60.00000000000837             90.0000025207415             14524.50014371807         82305.49538432626         117436.3539324604             266.2933709699867         311.7181531225218         
48414.99751408858         0.6999999812957987        30.00000000000161            60.00000000000544             90.00000252371983            14524.50015979044         82305.49486838673         117436.3530230948             271.4846235391552         315.4777357271377         
48414.99723082651         0.6999999791646569        30.00000000000742            59.99999999999141             90.00000251023441            14524.50017799103         82305.494283662           117436.3519924659             277.3825983538297         319.4751475872429         
48414.99696835635         0.699999977189435         30.0000000000054             59.99999999999726             90.00000248123816            14524.50019488034         82305.49374183237         117436.3510374869             282.9222459757263         322.9979122169055         
48414.99668151874         0.6999999750310149        29.99999999999335            60.00000000002034             90.00000243047023            14524.50021332895         82305.49314970852         117436.3499938486             289.1194580618603         326.7084801800944         
48414.99642953857         0.699999973134777         30.00000000000035            60.00000000000716             90.00000236791651            14524.50022954125         82305.4926295359          117436.3490770366             294.7632480861196         329.9042641579376         
48414.9961658415          0.6999999711505903        29.99999999998377            60.00000000003025             90.0000022820437             14524.50024649651         82305.49208518649         117436.3481175936             300.9568506760476         333.2382405982364         
48414.99591330755         0.6999999692514863        30.00000000000075            60.00000000000609             90.00000217693977            14524.50026268143         82305.49156393367         117436.3471987668             307.2814587967549         336.4825186873157         
48414.99567837919         0.6999999674828813        29.99999999999479            60.00000000001206             90.00000205311839            14524.50027782992         82305.49107892846         117436.3463439966             313.7069285428822         339.6381811411642         
48414.99546235574         0.6999999658576439        29.9999999999935             60.00000000001198             90.00000191053563            14524.50029170874         82305.49063300273         117436.3455580107             320.2826349134527         342.7451115848092         
48414.99526848418         0.6999999643992413        30.00000000001062            59.99999999999857             90.00000174826882            14524.50030415582         82305.49023281255         117436.3448526228             327.0766846554433         345.8482695727845         
48414.99510082251         0.6999999631378742        30.00000000000053            60.00000000000544             90.00000156492258            14524.5003149264          82305.48988671863         117436.3442425977             334.1723916793669         348.9966427619959         
48414.99496498336         0.6999999621156408        29.99999999998746            60.00000000001021             90.00000135851569            14524.50032366607         82305.48960630065         117436.3437483566             341.6807676256253         352.2499844288368         
48414.99487218379         0.6999999614175414        30.0000000000148             60.00000000000189             90.00000113705299            14524.50032962467         82305.48941474291         117436.343410712              349.3955137742336         355.5347252916557         
48414.994828847           0.6999999610915654        30.00000000000176            60.00000000000474             90.00000091389528            14524.50033240576         82305.48932528825         117436.3432530342             356.9750257712973         358.7290134205049         
48414.99483337704         0.6999999611251654        29.99999999999923            60.00000000000451             90.00000069360459            14524.50033213803         82305.48933461604         117436.3432695164             4.405148242277933         1.851283579567233         
48414.99488272826         0.6999999614965449        29.9999999999927             60.00000000000248             90.00000047892992            14524.50032896306         82305.48943649346         117436.3434490773             11.71908710437273         4.937179412217519         
48414.99497484476         0.6999999621898667        29.99999999999669            60.00000000000269             90.00000027187411            14524.50032303084         82305.48962665869         117436.3437842367             18.95632231047484         8.023554234805614         
48414.99510687964         0.6999999631833924        29.99999999999391            60.00000000000034             90.00000007586605            14524.50031453977         82305.48989921952         117436.3442646362             26.11580205775698         11.12967570939125         
48414.99527957763         0.6999999644827178        30.00000000001026            60.00000000001077             89.99999988965912            14524.50030344234         82305.49025571292         117436.3448929855             33.34669745455355         14.34235045075327         
48414.99549220958         0.6999999660824066        29.99999999999368            59.9999999999974              89.99999971603965            14524.50028978301         82305.49069463614         117436.3456666317             40.68223499276136         17.70388673294408         
48414.9957138836          0.6999999677502893        29.999999999985              59.99999999998674             89.99999957465508            14524.50027553468         82305.49115223251         117436.3464731769             47.30808704286537         20.85186911690819         
48414.99593608087         0.6999999694221313        29.99999999999003            59.99999999999015             89.99999946107035            14524.50026125165         82305.49161091009         117436.3472816259             53.30491047866654         23.81213757304702         
48414.99616011958         0.699999971107844         29.99999999999257            59.99999999999167             89.99999936837452            14524.5002468495          82305.49207338967         117436.3480967748             58.90830462752152         26.69099239040261         
48414.99638604774         0.6999999728080312        30.00000000000658            60.00000000001222             89.9999992929952             14524.5002323134          82305.49253978209         117436.3489187984             64.24444162808803         29.55006983646462         
48414.9966136143          0.6999999745200779        30.00000000000779            60.00000000001528             89.99999923300525            14524.50021769463         82305.49300953398         117436.3497467831             69.38340273288698         32.42780245592638         
48414.99684185778         0.6999999762376606        30.0000000000002             60.00000000000141             89.99999918697164            14524.50020301092         82305.49348070464         117436.3505772308             74.37080271911368         35.35337794560371         
48414.99709007349         0.6999999781054626        29.99999999999797            59.99999999999601             89.9999991517017             14524.50018704601         82305.49399310096         117436.351480346              79.66205651425513         38.61953556543398         
48414.99731851461         0.6999999798239095        30.00000000000536            60.00000000001356             89.99999913210331            14524.50017237975         82305.49446464947         117436.3523115128             84.44742124490435         41.73627854118683         
48414.99755759331         0.6999999816230839        30.0000000000074             60.0000000000204              89.999999124174              14524.50015699634         82305.49495819026         117436.3531813837             89.41893877121679         45.15950270248004         
48414.99779144226         0.6999999833822608        30.00000000000495            60.00000000001469             89.99999912886292            14524.50014198049         82305.49544090404         117436.3540322265             94.27590557665415         48.70921611212967         
48414.99801820505         0.6999999850890655        30.00000000000383            60.00000000001192             89.99999914508436            14524.50012737438         82305.49590903572         117436.3548572868             99.01832886219576         52.39571430833963         
48414.99823760088         0.6999999867392604        30.00000000000372            60.00000000001261             89.99999917222935            14524.50011329895         82305.49636190283         117436.3556555429             103.6612214145893         56.24177433617083         
48414.99844833247         0.6999999883248165        30.00000000000296            60.00000000001025             89.99999920929206            14524.50009975373         82305.4967969112          117436.3564222748             108.2110568285248         60.26529352003997         
48414.99864883467         0.6999999898336899        29.99999999999847            59.99999999998494             89.99999925530219            14524.50008685229         82305.49721081705         117436.3571517879             112.6546415162865         64.46618957702518         
48414.99883697049         0.6999999912492496        30.00000000000265            60.00000000001058             89.999999308833              14524.50007475872         82305.49759918226         117436.3578363067             116.956636418601          68.81705375377197         
48414.99901071924         0.6999999925568521        29.99999999999957            59.99999999998349             89.99999936820944            14524.50006357577         82305.4979578627          117436.3584684792             121.0828095573796         73.28001991624198         
48414.99916993222         0.6999999937545673        30.0000000000027             60.00000000001634             89.99999943199801            14524.50005335228         82305.49828651216         117436.3590477643             125.0253307770646         77.83548092835755         
48414.99931525672         0.6999999948480795        30.0000000000013             59.99999999999331             89.99999949924599            14524.50004400724         82305.49858650619         117436.3595765172             128.7989148438083         82.48608728338297         
48414.99944792876         0.6999999958462124        30.00000000000193            60.00000000001069             89.99999956929679            14524.50003548425         82305.49886037326         117436.360059235              132.426458999353          87.24606292555589         
48414.99956903236         0.6999999967573233        30.00000000000164            60.00000000001965             89.99999964176591            14524.5000277039          82305.49911036083         117436.3604998619             135.9314773742726         92.1340263169372          
48414.99967950585         0.6999999975888205        30.00000000000259            59.99999999998776             89.99999971639464            14524.50002058901         82305.49933842268         117436.3609018118             139.3356478931543         97.16993950734316         
48414.99978024931         0.6999999983469728        30.0000000000019             60.00000000000387             89.99999979299579            14524.5000141061          82305.49954639252         117436.3612683597             142.6586170461291         102.3743145084934         
48414.99987190724         0.6999999990366389        30.00000000000185            60.00000000000426             89.99999987152215            14524.5000082133          82305.49973560117         117436.3616018506             145.9182906190482         107.7679494806262         
48414.99995500997         0.6999999996617909        30.00000000000303            59.99999999999688             89.99999995193815            14524.50000287738         82305.49990714256         117436.361904214              149.1311114141265         113.3715833135956         
48414.99997620995         0.6999999998214744        30.00000000000372            59.9999999999928              89.99999997417403            14524.5000015063          82305.4999509136          117436.3619813486             150.00000004701           114.9367380454727         
135291.5856706224         0.7656366862542909        38.3553530654962             78.93231048508365             126.2044675188705            31707.38433967856         238875.7870015663         548578.6044475882             98.16426732474656         45.59679397277847         
135291.5857289464         0.7656366863708869        38.35535306549685            78.93231048507054             126.2044675201453            31707.38433757311         238875.7871203197         548578.6048023249             98.48951397506524         45.83210846516366         
135291.5859155191         0.7656366867434825        38.35535306549659            78.93231048507657             126.2044675245699            31707.38433088986         238875.7875001484         548578.6059370941             99.53014235098937         46.59272880996919         
135291.5863909485         0.7656366876933235        38.35535306549714            78.93231048506803             126.2044675381932            31707.38431380757         238875.7884680894         548578.6088287415             102.1986430305432         48.59905206683177         
135291.5871384515         0.7656366891861871        38.35535306549682            78.93231048507344             126.2044675667395            31707.38428702297         238875.7899898801         548578.6133751904             106.4496664166288         51.97378142942361         
135291.5877978641         0.7656366905033228        38.35535306549646            78.93231048507701             126.2044675994549            31707.38426336769         238875.7913323604         548578.6173858567             110.2786350701672         55.22078466021463         
135291.5883677312         0.7656366916416337        38.35535306549777            78.93231048506883             126.2044676338237            31707.38424291975         238875.7924925427         548578.6208518918             113.6651101270334         58.27449104952626         
135291.5888644682         0.7656366926337465        38.35535306549762            78.93231048507                126.2044676687313            31707.38422511218         238875.7935038243         548578.6238731364             116.6896042351742         61.16044275225254         
135291.5893007725         0.7656366935053756        38.35535306549812            78.93231048506817             126.2044677034754            31707.38420944179         238875.7943921032         548578.6265268176             119.4141638544285         63.89960951980716         
135291.5896868951         0.7656366942766233        38.35535306549765            78.93231048507111             126.2044677376751            31707.38419559144         238875.7951781988         548578.6288752854             121.8872889333147         66.50936382999807         
135291.5900308377         0.7656366949635696        38.35535306549535            78.93231048508069             126.2044677710786            31707.3841832609          238875.7958784145         548578.6309672064             124.1474024022197         69.00422790721846         
135291.5903390522         0.7656366955791637        38.35535306549578            78.93231048507847             126.2044678035647            31707.38417221037         238875.796505894          548578.6328418229             126.2253262463509         71.39644673295081         
135291.5906167288         0.7656366961338442        38.35535306549738            78.93231048507309             126.2044678350553            31707.38416224396         238875.7970712137         548578.6345307025             128.1460719230771         73.69642987002462         
135291.5908682177         0.7656366966362022        38.35535306549848            78.93231048506961             126.2044678655395            31707.38415321892         238875.7975832164         548578.6360603031             129.9301523957581         75.91309458477154         
135291.5910970182         0.7656366970931769        38.35535306549857            78.93231048507008             126.2044678950213            31707.38414501653         238875.7980490199         548578.6374519095             131.5945562772824         78.05413448063483         
135291.5913060342         0.7656366975106633        38.35535306549773            78.93231048507276             126.2044679235219            31707.3841375198          238875.7984745486         548578.6387231825             133.1534802551404         80.12623159198333         
135291.5914977315         0.7656366978934656        38.3553530654961             78.9323104850771              126.2044679510811            31707.38413065668         238875.7988648062         548578.6398891199             134.6188863905278         82.1352252535481          
135291.5916741094         0.7656366982458011        38.35535306549797            78.93231048507219             126.204467977735             31707.38412432517         238875.7992238936         548578.6409618827             136.0009309646549         84.08624766498195         
135291.591836976          0.7656366985711365        38.3553530654947             78.93231048508038             126.2044680035209            31707.38411847998         238875.799555472          548578.6419524668             137.3082979858725         85.98383358520094         
135291.5919877904         0.7656366988723498        38.35535306549671            78.93231048507553             126.2044680284984            31707.38411307371         238875.7998625071         548578.6428697472             138.5484611351195         87.83200976896445         
135291.5921278193         0.7656366991521319        38.35535306549577            78.93231048507776             126.2044680526922            31707.38410803918         238875.8001475995         548578.6437214286             139.7278914219441         89.63436841422158         
135291.5922581955         0.7656366994125385        38.35535306549758            78.9323104850735              126.2044680761608            31707.38410336375         238875.8004130273         548578.6445144003             140.8522232385776         91.39412789248493         
135291.5923798329         0.7656366996555423        38.35535306549777            78.93231048507344             126.2044680989282            31707.38409899472         238875.800660671          548578.6452542206             141.9263882312514         93.11418328997671         
135291.5924936104         0.7656366998827493        38.35535306549873            78.93231048507164             126.2044681210454            31707.3840949208          238875.8008923001         548578.6459462362             142.9547240518412         94.79714872695516         
135291.592600224          0.7656367000957112        38.35535306549682            78.9323104850754              126.204468142538             31707.38409109517         238875.8011093529         548578.6465946796             143.9410633377255         96.44539299823946         
135291.5927003204         0.7656367002955414        38.35535306549655            78.93231048507575             126.2044681634464            31707.38408751874         238875.8013131221         548578.6472034841             144.8888070051259         98.06106975323803         
135291.5927944536         0.7656367004836402        38.35535306549476            78.93231048507921             126.2044681837993            31707.38408413191         238875.8015047752         548578.6477760188             145.8009850042128         99.64614318451336         
135291.5928831437         0.7656367006608249        38.35535306549568            78.93231048507739             126.204468203635             31707.38408094602         238875.8016853414         548578.6483154481             146.6803069811833         101.202410000374          
135291.5929668181         0.7656367008278556        38.35535306549627            78.93231048507636             126.20446822297              31707.38407795838         238875.8018556778         548578.6488243712             147.5292047618782         102.7315183062134         
135291.5930458724         0.7656367009858508        38.35535306549711            78.93231048507496             126.2044682418398            31707.38407511038         238875.8020166344         548578.6493051936             148.3498681662136         104.2349839007254         
135291.5931206665         0.7656367011352389        38.35535306549777            78.9323104850741              126.204468260262             31707.38407242842         238875.8021689046         548578.6497601047             149.1442753518046         105.7142043996177         
135291.5931915407         0.7656367012767161        38.35535306549411            78.93231048507934             126.2044682782608            31707.38406989806         238875.8023131834         548578.6501911748             149.9142186447188         107.1704715247962         
135291.5932587461         0.7656367014109769        38.35535306549451            78.93231048507872             126.2044682958648            31707.38406748417         238875.802450008          548578.6505999299             150.6613266272972         108.6049818375719         
135291.5933225463         0.7656367015384401        38.3553530654984             78.93231048507333             126.2044683130918            31707.38406519189         238875.8025799006         548578.6509879741             151.3870831060324         110.018846146339          
135291.5933831908         0.7656367016596148        38.3553530654983             78.93231048507326             126.2044683299569            31707.38406301082         238875.8027033708         548578.6513568253             152.0928434662978         111.4130977805608         
135291.593440883          0.765636701774876         38.35535306549752            78.9323104850745              126.2044683464782            31707.38406093789         238875.8028208281         548578.6517077194             152.779848828208          112.7886998912902         
135291.593495821          0.7656367018845486        38.35535306549689            78.93231048507542             126.2044683626709            31707.38405897556         238875.8029326664         548578.6520418623             153.4492383442429         114.1465519126762         
135291.5935481865         0.7656367019891342        38.35535306549645            78.9323104850758              126.2044683785603            31707.38405709856         238875.8030392744         548578.652360359              154.1020599199323         115.4874952978225         
135291.593598118          0.7656367020888888        38.35535306549691            78.93231048507549             126.2044683941537            31707.38405530471         238875.8031409313         548578.6526640513             154.7392795909715         116.8123186249254         
135291.5936457701         0.7656367021840564        38.35535306549897            78.93231048507273             126.2044684094649            31707.38405359724         238875.803237943          548578.6529538803             155.3617897513303         118.121762155059          
135291.5936912945         0.7656367022749472        38.35535306549578            78.93231048507657             126.2044684245064            31707.38405196973         238875.8033306193         548578.6532307677             155.9704163951496         119.4165219111289         
135291.5937347894         0.7656367023618977        38.35535306549659            78.93231048507553             126.2044684393004            31707.38405039966         238875.8034191792         548578.6534953115             156.5659255092224         120.6972533373698         
135291.5937763758         0.7656367024449535        38.35535306549925            78.93231048507293             126.2044684538455            31707.38404890924         238875.8035038424         548578.6537482478             157.1490287314505         121.9645745903497         
135291.5938161677         0.7656367025243989        38.35535306549841            78.93231048507407             126.2044684681552            31707.3840474867          238875.8035848486         548578.6539902691             157.7203883730571         123.2190695053929         
135291.5938542599         0.7656367026004921        38.35535306549588            78.93231048507657             126.2044684822468            31707.38404611934         238875.8036624004         548578.6542219525             158.2806218875176         124.4612902763888         
135291.5938907346         0.76563670267338          38.35535306549681            78.93231048507567             126.2044684961305            31707.38404480655         238875.8037366626         548578.6544437985             158.8303058570393         125.6917598818084         
135291.5939256711         0.7656367027431523        38.35535306549716            78.93231048507508             126.2044685098057            31707.38404355478         238875.8038077874         548578.6546562887             159.3699795571519         126.9109742854774         
135291.5939591531         0.7656367028100319        38.3553530654983             78.93231048507407             126.204468523289             31707.38404235349         238875.8038759527         548578.6548599324             159.9001481513752         128.1194044369897         
135291.5939912591         0.765636702874171         38.35535306549792            78.93231048507444             126.2044685365909            31707.38404120049         238875.8039413177         548578.6550552067             160.4212855606867         129.317498093521          
135291.5940220351         0.7656367029356017        38.35535306549656            78.93231048507556             126.2044685497059            31707.38404010219         238875.8040039681         548578.6552423921             160.9338370464195         130.5056814820581         
135291.5940515544         0.7656367029945836        38.35535306549701            78.93231048507525             126.204468562659             31707.38403904067         238875.8040640682         548578.6554219339             161.4382215400084         131.6843608187047         
135291.594079874          0.7656367030511743        38.35535306549782            78.93231048507488             126.2044685754515            31707.3840380215          238875.8041217265         548578.6555941784             161.9348337486032         132.8539236999054         
135291.594107047          0.765636703105404         38.35535306549763            78.93231048507518             126.2044685880811            31707.38403705302         238875.8041770409         548578.6557594495             162.4240460618113         134.0147403784362         
135291.5941331285         0.7656367031574981        38.35535306549642            78.93231048507593             126.2044686005703            31707.38403611769         238875.8042301394         548578.6559180823             162.9062102815993         135.1671649356858         
135291.5941581452         0.7656367032075146        38.35535306549863            78.93231048507434             126.204468612919             31707.38403521385         238875.8042810765         548578.656070238              163.3816591946256         136.3115363604548         
135291.5941821536         0.7656367032554398        38.35535306549838            78.93231048507445             126.2044686251211            31707.38403435668         238875.8043299505         548578.6562162616             163.8507080039004         137.4481795431945         
135291.5942052014         0.7656367033014706        38.35535306549627            78.93231048507573             126.2044686371991            31707.38403353066         238875.8043768722         548578.6563564427             164.3136556346365         138.5774061937845         
135291.5942273095         0.7656367033456368        38.35535306549664            78.9323104850754              126.2044686491504            31707.38403273665         238875.8044218823         548578.6564909077             164.7707859273534         139.6995156900546         
135291.5942485275         0.7656367033880207        38.35535306549706            78.93231048507548             126.2044686609844            31707.38403197521         238875.8044650798         548578.6566199599             165.2223687297779         140.814795863336          
135291.5942688823         0.7656367034286616        38.35535306549515            78.93231048507637             126.2044686726998            31707.38403124724         238875.8045065174         548578.6567437613             165.6686608977659         141.9235237268891         
135291.5942884124         0.7656367034676893        38.3553530654977             78.93231048507512             126.2044686843165            31707.38403054426         238875.8045462805         548578.6568625468             166.1099072142734         143.02596615225           
135291.5943071266         0.765636703505069         38.35535306549656            78.9323104850757              126.2044686958154            31707.38402987304         238875.8045843802         548578.6569763703             166.5463412344342         144.1223804982113         
135291.594325083          0.7656367035409295        38.35535306549733            78.93231048507563             126.204468707224             31707.38402922972         238875.8046209362         548578.657085584              166.9781860638628         145.2130151964356         
135291.5943422818         0.765636703575271         38.35535306549636            78.93231048507555             126.2044687185303            31707.38402861438         238875.8046559493         548578.6571901904             167.4056550766026         146.2981102976575         
135291.5943587489         0.7656367036081675        38.35535306549608            78.93231048507572             126.2044687297422            31707.38402802304         238875.8046894748         548578.6572903462             167.8289525783598         147.3778979816307         
135291.5943745242         0.7656367036396839        38.35535306549568            78.932310485076               126.2044687408736            31707.38402745628         238875.8047215921         548578.6573862943             168.2482744201524         148.4526030340326         
135291.5943896134         0.7656367036698188        38.3553530654977             78.93231048507573             126.2044687519155            31707.38402691563         238875.8047523111         548578.6574780695             168.6638085669368         149.5224432930612         
135291.5944040494         0.7656367036986589        38.35535306549622            78.93231048507579             126.2044687628845            31707.38402639709         238875.8047817016         548578.6575658718             169.0757356252857         150.5876300681597         
135291.5944178388         0.7656367037262014        38.35535306549703            78.93231048507558             126.2044687737718            31707.38402590254         238875.804809775          548578.6576497415             169.4842293338448         151.6483685332916         
135291.59443101           0.7656367037524935        38.35535306549622            78.93231048507592             126.2044687845875            31707.3840254323          238875.8048365877         548578.6577298514             169.8894570198484         152.7048580966923         
135291.5944435621         0.7656367037775883        38.35535306549794            78.93231048507586             126.204468795333             31707.38402497893         238875.8048621453         548578.6578061954             170.2915800247342         153.7572927491327         
135291.5944555312         0.7656367038015004        38.3553530654982             78.93231048507569             126.2044688060153            31707.38402454895         238875.8048865135         548578.6578789938             170.6907541015344         154.8058613923219         
135291.5944669217         0.7656367038242307        38.35535306549703            78.93231048507583             126.2044688166261            31707.38402414325         238875.8049097001         548578.6579482728             171.0871297865303         155.8507481491124         
135291.5944777581         0.7656367038458731        38.35535306549578            78.93231048507565             126.2044688271913            31707.38402375485         238875.8049317613         548578.6580141815             171.4808527473666         156.8921326568708         
135291.5944880298         0.7656367038663912        38.35535306549612            78.93231048507563             126.2044688376858            31707.38402338626         238875.8049526734         548578.6580766563             171.8720641096959         157.9301903454888         
135291.5944977706         0.7656367038858745        38.3553530654979             78.93231048507558             126.2044688481414            31707.3840230332          238875.8049725079         548578.6581359012             172.2609007641352         158.9650927010476         
135291.5945069786         0.765636703904261         38.35535306549673            78.93231048507553             126.2044688585301            31707.38402270369         238875.8049912535         548578.6581919063             172.6474956552985         159.997007516537          
135291.594515682          0.7656367039216412        38.35535306549788            78.93231048507592             126.2044688688843            31707.38402239205         238875.805008972          548578.658244842              173.0319780543534         161.0260991303651         
135291.5945238757         0.7656367039380009        38.35535306549792            78.93231048507637             126.2044688791887            31707.38402209901         238875.8050256523         548578.6582946772             173.4144738166038         162.0525286539392         
135291.5945315702         0.7656367039533686        38.3553530654959             78.9323104850755              126.2044688894496            31707.3840218232          238875.8050413171         548578.6583414765             173.7951056253073         163.0764541889271         
135291.5945387703         0.7656367039677622        38.35535306549736            78.93231048507613             126.2044688996679            31707.38402156331         238875.8050559773         548578.658385269              174.1739932229761         164.0980310352219         
135291.5945455023         0.7656367039811875        38.35535306549617            78.9323104850754              126.2044689098527            31707.3840213247          238875.8050696799         548578.6584262142             174.5512536312288         165.1174118902918         
135291.5945517553         0.7656367039936902        38.35535306549806            78.93231048507604             126.2044689200089            31707.38402109867         238875.8050824119         548578.6584642458             174.9270013602179         166.1347470406634         
135291.5945575411         0.7656367040052384        38.35535306549715            78.93231048507609             126.2044689301232            31707.38402089229         238875.80509419           548578.6584994366             175.3013486085688         167.1501845462182         
135291.5945628628         0.765636704015884         38.3553530654976             78.93231048507647             126.2044689402109            31707.38402069922         238875.8051050263         548578.6585318038             175.6744054546852         168.1638704178644         
135291.5945677413         0.7656367040256102        38.35535306549579            78.93231048507485             126.2044689502753            31707.3840205267          238875.8051149559         548578.6585614758             176.0462800402721         169.1759487893075         
135291.5945721568         0.7656367040344499        38.35535306549652            78.93231048507583             126.2044689603085            31707.3840203656          238875.8051239481         548578.658588332              176.4170787467963         170.1865620833547         
135291.5945761485         0.7656367040423857        38.35535306549687            78.93231048507575             126.204468970331             31707.38402022746         238875.8051320696         548578.6586126102             176.7869063656087         171.1958511733237         
135291.5945796752         0.7656367040494638        38.35535306549765            78.93231048507658             126.2044689803211            31707.38402009637         238875.805139254          548578.6586340599             177.1558662624216         172.2039555401203         
135291.5945827809         0.7656367040556572        38.35535306549752            78.93231048507666             126.2044689903035            31707.38401998633         238875.8051455755         548578.6586529496             177.5240605367174         173.2110134253095         
135291.5945854404         0.7656367040609907        38.35535306549718            78.93231048507619             126.2044690002596            31707.38401988805         238875.8051509928         548578.6586691253             177.8915901767654         174.2171619808421         
135291.5945876889         0.7656367040654461        38.35535306549682            78.93231048507599             126.2044690102144            31707.38401981223         238875.8051555657         548578.6586828012             178.2585552107342         175.2225374156505         
135291.5945894936         0.7656367040690628        38.35535306549555            78.93231048507441             126.2044690201483            31707.38401974587         238875.8051592413         548578.6586937773             178.6250548545331         176.2272751397654         
135291.5945908776         0.7656367040718238        38.35535306549827            78.93231048507712             126.2044690300853            31707.38401969669         238875.8051620585         548578.6587021952             178.9911876568214         177.2315099061281         
135291.5945918339         0.7656367040737355        38.35535306549676            78.93231048507624             126.2044690400087            31707.38401966218         238875.8051640057         548578.6587080118             179.3570516417785         178.2353759507175         
135291.5945923692         0.7656367040747963        38.35535306549657            78.9323104850758              126.2044690499279            31707.38401964411         238875.8051650944         548578.6587112673             179.7227444500528         179.2390071311754         
135291.5945924766         0.7656367040750174        38.35535306549715            78.9323104850766              126.2044690598483            31707.38401963938         238875.8051653139         548578.6587119205             180.0883634784355         180.2425370644794         
135291.5945921622         0.7656367040743907        38.35535306549657            78.93231048507613             126.2044690697665            31707.38401965048         238875.8051646739         548578.6587100084             180.4540060186921         181.246099263916          
135291.594591421          0.7656367040729245        38.35535306549653            78.93231048507502             126.2044690796851            31707.38401967513         238875.8051631669         548578.6587055002             180.8197693960608         182.2498272758374         
135291.5945902577         0.7656367040706024        38.35535306549634            78.93231048507531             126.2044690896121            31707.38401971666         238875.8051607988         548578.6586984247             181.1857511078282         183.2538548164065         
135291.5945886725         0.7656367040674238        38.3553530654976             78.93231048507671             126.2044690995477            31707.38401977517         238875.8051575698         548578.6586887832             181.5520489625244         184.258315908906          
135291.5945866557         0.7656367040633997        38.35535306549715            78.93231048507633             126.2044691094927            31707.38401984694         238875.8051534645         548578.6586765167             181.9187612201453         185.2633450218005         
135291.5945842105         0.7656367040585199        38.35535306549556            78.93231048507425             126.2044691194447            31707.38401993406         238875.8051484869         548578.6586616442             182.2859867339292         186.2690772080641         
135291.594581331          0.7656367040527786        38.35535306549612            78.93231048507441             126.2044691294136            31707.38402003598         238875.8051426261         548578.6586441312             182.6538250941374         187.2756482460477         
135291.5945780169         0.765636704046168         38.35535306549726            78.93231048507715             126.2044691393976            31707.38402015363         238875.8051358802         548578.658623974              183.0223767743771         188.2831947823793         
135291.5945742736         0.765636704038663         38.35535306549558            78.93231048507393             126.2044691494062            31707.38402029169         238875.8051282555         548578.6586012064             183.3917432809511         189.2918544772118         
135291.5945700845         0.7656367040302761        38.35535306549724            78.93231048507685             126.2044691594345            31707.38402044462         238875.8051197244         548578.6585757278             183.7620273057876         190.3017661522781         
135291.5945654396         0.7656367040210288        38.35535306549607            78.93231048507492             126.2044691694779            31707.3840206071          238875.8051102722         548578.6585474769             184.1333328835122         191.3130699421949         
135291.5945603433         0.7656367040108643        38.35535306549685            78.93231048507599             126.2044691795551            31707.38402078789         238875.8050998988         548578.6585164801             184.5057655532202         192.3259074493813         
135291.5945548001         0.7656367039997778        38.3553530654963             78.93231048507471             126.2044691896573            31707.38402098868         238875.8050886116         548578.6584827654             184.8794325256134         193.3404219032064         
135291.5945487962         0.7656367039877475        38.35535306549644            78.93231048507519             126.2044691997966            31707.38402120916         238875.8050763832         548578.6584462483             185.2544428560901         194.3567583236709         
135291.5945423144         0.7656367039748092        38.35535306549706            78.9323104850768              126.2044692099604            31707.38402144052         238875.8050631883         548578.6584068249             185.6309076245353         195.3750636903093         
135291.5945353519         0.7656367039609305        38.35535306549673            78.93231048507573             126.2044692201595            31707.38402168644         238875.8050490175         548578.6583644778             186.0089401224987         196.3954871167123         
135291.5945279111         0.7656367039460644        38.35535306549629            78.93231048507441             126.2044692304019            31707.38402195385         238875.8050338684         548578.6583192216             186.3886560485764         197.4181800313489         
135291.5945199793         0.7656367039302091        38.35535306549691            78.93231048507626             126.2044692406849            31707.38402224001         238875.8050177186         548578.6582709787             186.7701737128216         198.4432963652507         
135291.5945115446         0.7656367039133575        38.35535306549642            78.9323104850757              126.2044692510108            31707.3840225431          238875.8050005461         548578.6582196774             187.153614251089          199.4709927472107         
135291.5945025971         0.7656367038954903        38.35535306549691            78.93231048507633             126.2044692613828            31707.38402286342         238875.8049823308         548578.6581652571             187.5391018502848         200.5014287071881         
135291.5944931351         0.7656367038765707        38.35535306549661            78.93231048507513             126.2044692718051            31707.38402320554         238875.8049630647         548578.6581077076             187.9267639855836         201.5347668886937         
135291.5944831294         0.7656367038566194        38.3553530654963             78.93231048507398             126.2044692822762            31707.38402355982         238875.8049426991         548578.6580468513             188.3167316707392         202.5711732709164         
135291.5944725937         0.7656367038355362        38.35535306549674            78.93231048507575             126.2044692928066            31707.38402394302         238875.8049212444         548578.6579827709             188.7091397227381         203.6108174014655         
135291.5944614871         0.7656367038133887        38.35535306549655            78.93231048507609             126.2044693033899            31707.3840243364          238875.8048986377         548578.6579152183             189.1041270421379         204.6538726406791         
135291.5944498142         0.7656367037901003        38.3553530654965             78.9323104850742              126.2044693140367            31707.38402475144         238875.804874877          548578.6578442222             189.50183691056           205.7005164184368         
135291.5944375663         0.7656367037656118        38.35535306549619            78.93231048507455             126.2044693247493            31707.38402519407         238875.8048499386         548578.6577697281             189.9024173069484         206.7509305046373         
135291.5944247202         0.7656367037399239        38.35535306549669            78.93231048507519             126.2044693355312            31707.38402565876         238875.8048237816         548578.6576915956             190.3060212443451         207.8053012944588         
135291.5944112575         0.7656367037130275        38.35535306549664            78.93231048507549             126.2044693463798            31707.38402614246         238875.8047963726         548578.6576097134             190.7128071291228         208.8638201097038         
135291.5943971607         0.7656367036848618        38.35535306549689            78.93231048507722             126.2044693573037            31707.38402664927         238875.8047676721         548578.657523974              191.1229391447846         209.9266835176008         
135291.5943824108         0.7656367036554035        38.35535306549667            78.93231048507494             126.2044693683086            31707.38402717789         238875.8047376437         548578.6574342623             191.5365876626769         210.9940936686054         
135291.5943669937         0.765636703624601         38.35535306549678            78.93231048507539             126.2044693793935            31707.38402773201         238875.8047062554         548578.6573404928             191.9539296821871         212.0662586548276         
135291.594350872          0.7656367035924736        38.35535306549634            78.93231048507303             126.2044693905608            31707.38402830024         238875.8046734437         548578.6572424375             192.3751493032687         213.1433928909057         
135291.5943340575         0.7656367035588445        38.35535306549656            78.93231048507651             126.2044694018208            31707.38402890927         238875.8046392057         548578.6571401687             192.8004382344575         214.2257175193            
135291.5943165016         0.765636703523769         38.35535306549684            78.93231048507825             126.2044694131741            31707.38402954023         238875.8046034629         548578.6570333905             193.2299963398541         215.3134608422173         
135291.5942981836         0.7656367034871794        38.35535306549664            78.93231048507542             126.2044694246277            31707.38403019743         238875.8045661698         548578.6569219772             193.6640322289737         216.4068587824966         
135291.5942790782         0.7656367034490192        38.35535306549653            78.93231048507525             126.2044694361816            31707.38403088257         238875.8045272738         548578.6568057745             194.1027638937652         217.5061553761454         
135291.5942591523         0.7656367034092301        38.35535306549655            78.9323104850758              126.2044694478434            31707.38403159583         238875.8044867089         548578.656684582              194.5464193976194         218.6116032994017         
135291.5942383923         0.7656367033677293        38.35535306549661            78.93231048507823             126.2044694596153            31707.38403234515         238875.8044444395         548578.6565583159             194.9952376217414         219.7234644335445         
135291.5942167362         0.7656367033245344        38.3553530654965             78.93231048507528             126.2044694715052            31707.38403311366         238875.8044003588         548578.6564265996             195.449469074884          220.8420104709809         
135291.594194179          0.765636703279478         38.35535306549646            78.93231048507668             126.2044694835161            31707.38403392283         238875.8043544352         548578.6562894023             195.9093767732093         221.9675235665722         
135291.5941706687         0.7656367032325273        38.35535306549662            78.93231048507594             126.2044694956572            31707.3840347649          238875.8043065724         548578.6561464082             196.3752371977987         223.1002970385491         
135291.5941461691         0.7656367031836131        38.35535306549667            78.93231048507519             126.2044695079307            31707.38403564078         238875.8042566974         548578.6559973973             196.8473413383588         224.2406361238811         
135291.5941206461         0.7656367031326249        38.35535306549661            78.93231048507391             126.2044695203437            31707.38403655741         238875.8042047348         548578.6558421621             197.3259958326912         225.3888587935086         
135291.594094063          0.7656367030794409        38.35535306549669            78.93231048507593             126.2044695329019            31707.38403752264         238875.8041506033         548578.6556804783             197.8115242127589         226.5452966334829         
135291.5940663346         0.7656367030241087        38.35535306549643            78.93231048507715             126.2044695456073            31707.38403851011         238875.8040941591         548578.6555118294             198.3042682696075         227.7102957987792         
135291.5940374505         0.7656367029663605        38.35535306549674            78.93231048507499             126.2044695584778            31707.38403955357         238875.8040353474         548578.655336151              198.8045895510697         228.8842180473373         
135291.5940073111         0.7656367029062453        38.35535306549634            78.93231048507739             126.2044695715072            31707.3840406231          238875.8039739992         548578.6551528381             199.3128710079885         230.0674418628479         
135291.5939759007         0.7656367028435178        38.35535306549654            78.93231048507478             126.2044695847146            31707.38404174816         238875.8039100533         548578.6549617943             199.8295188070567         231.2603636758349         
135291.5939431457         0.7656367027780496        38.35535306549674            78.93231048507559             126.2044695981027            31707.38404292889         238875.8038433626         548578.6547625725             200.3549643307284         232.4633991938063         
135291.5939089743         0.7656367027097721        38.35535306549646            78.93231048507617             126.2044696116771            31707.38404415774         238875.8037737909         548578.654554736              200.8896663878092         233.6769848526784         
135291.5938733084         0.7656367026385001        38.35535306549642            78.93231048507771             126.2044696254503            31707.38404544145         238875.8037011753         548578.6543378092             201.4341136616894         234.90157940321           
135291.5938360533         0.7656367025641411        38.35535306549646            78.93231048507592             126.2044696394324            31707.38404677038         238875.8036253363         548578.6541112171             201.9888274272846         236.1376656481509         
135291.5937971616         0.7656367024864242        38.35535306549642            78.93231048507742             126.2044696536286            31707.38404817002         238875.8035461532         548578.6538746705             202.5543645725335         237.3857523478482         
135291.5937565069         0.7656367024052252        38.35535306549642            78.93231048507673             126.2044696680547            31707.38404962761         238875.8034633863         548578.6536274015             203.1313209658478         238.6463763146083         
135291.5937140074         0.7656367023203601        38.35535306549653            78.93231048507658             126.204469682715             31707.38405114882         238875.803376866          548578.6533689117             203.7203352176671         239.920104719047          
135291.5936695388         0.7656367022315649        38.35535306549679            78.9323104850742              126.2044696976293            31707.38405274025         238875.8032863373         548578.6530984456             204.3220928919882         241.2075376349363         
135291.5936230214         0.7656367021385763        38.35535306549595            78.9323104850796              126.2044697127961            31707.38405441886         238875.803191624          548578.6528155184             204.9373312331937         242.5093108531847         
135291.5935742682         0.7656367020412591        38.35535306549711            78.93231048507337             126.2044697282471            31707.3840561591          238875.8030923774         548578.6525189929             205.5668444845707         243.8260990000479         
135291.593523187          0.7656367019392252        38.35535306549657            78.93231048507609             126.2044697439773            31707.38405799188         238875.8029883822         548578.6522083078             206.2114898884077         245.1586190003955         
135291.5934695946         0.7656367018322201        38.35535306549678            78.93231048507471             126.2044697600136            31707.38405990866         238875.8028792805         548578.6518823487             206.8721944733804         246.5076339330691         
135291.5934133586         0.7656367017198364        38.3553530654975             78.93231048507248             126.2044697763667            31707.38406193356         238875.8027647836         548578.6515403109             207.5499627546141         247.8739573333303         
135291.5933542578         0.7656367016018056        38.35535306549679            78.93231048507532             126.2044697930498            31707.38406405109         238875.8026444645         548578.6511808494             208.2458854950276         249.2584580063212         
135291.5932921069         0.7656367014776825        38.35535306549701            78.93231048507424             126.2044698100864            31707.38406627803         238875.8025179358         548578.6508028366             208.9611497054246         250.6620654266036         
135291.5932267031         0.7656367013469738        38.35535306549694            78.93231048507414             126.2044698274893            31707.38406863356         238875.8023847727         548578.6504050387             209.6970500955434         252.0857758118029         
135291.5931577568         0.7656367012092903        38.35535306549624            78.93231048507666             126.2044698452816            31707.3840711025          238875.8022444111         548578.6499856948             210.4550022314023         253.5306589742936         
135291.5930850325         0.7656367010640213        38.35535306549679            78.93231048507522             126.2044698634855            31707.38407371227         238875.8020963527         548578.6495433724             211.2365577073605         254.9978660740274         
135291.5930082042         0.7656367009105894        38.35535306549637            78.93231048507648             126.2044698821213            31707.38407646457         238875.8019399438         548578.6490760888             212.0434217069866         256.4886384186875         
135291.5929269812         0.7656367007482673        38.35535306549629            78.9323104850765              126.2044699012098            31707.38407938969         238875.8017745726         548578.6485820755             212.8774734092644         258.0043174859723         
135291.5928409267         0.7656367005764264        38.35535306549551            78.93231048507883             126.204469920782             31707.38408247031         238875.8015993831         548578.6480586766             213.740789799528          259.5463563773662         
135291.5927496666         0.7656367003941711        38.35535306549616            78.93231048507674             126.2044699408641            31707.3840857399          238875.8014135932         548578.6475036161             214.6356735750007         261.1163329559955         
135291.5926527267         0.7656367002004926        38.35535306549724            78.93231048507404             126.2044699614842            31707.38408922383         238875.8012162297         548578.6469140105             215.5646859998208         262.715964974012          
135291.5925495411         0.7656366999944567        38.355353065496              78.93231048507714             126.2044699826724            31707.38409291583         238875.8010061664         548578.6462864167             216.5306857761706         264.3471275616115         
135291.5924395722         0.7656366997747437        38.35535306549704            78.93231048507459             126.2044700044618            31707.38409686847         238875.8007822759         548578.6456175658             217.5368752702525         266.0118735327622         
135291.5923220576         0.7656366995401079        38.35535306549794            78.93231048507261             126.2044700268955            31707.38410107161         238875.8005430436         548578.6449028209             218.5868557845788         267.7124570674784         
135291.5921963056         0.765636699288915         38.35535306549603            78.93231048507677             126.204470049992             31707.38410558426         238875.800287027          548578.6441379747             219.684694029711          269.4513614638846         
135291.5920614199         0.7656366990194208        38.35535306549655            78.9323104850757              126.204470073801             31707.38411043229         238875.8000124075         548578.6433175751             220.8350025553986         271.2313318227334         
135291.5919163193         0.7656366987295744        38.35535306549657            78.9323104850756              126.2044700983682            31707.38411563982         238875.7997169988         548578.6424350471             222.0430377084144         273.0554137461301         
135291.5917598371         0.7656366984170786        38.35535306549877            78.93231048507137             126.2044701237383            31707.3841212442          238875.7993984301         548578.6414832943             223.3148197651612         274.9269994149354         
135291.5915906574         0.7656366980790981        38.35535306549625            78.93231048507637             126.2044701499331            31707.3841273206          238875.7990539942         548578.6404543126             224.6572813495126         276.849882778487          
135291.5914070843         0.7656366977124665        38.35535306549674            78.93231048507529             126.2044701770238            31707.38413389996         238875.7986802685         548578.6393377873             226.0784522434865         278.8283260753848         
135291.5912072919         0.76563669731345          38.35535306549667            78.93231048507558             126.2044702050362            31707.38414105954         238875.7982735242         548578.638122614              227.5876914546949         280.8671405464092         
135291.5909890977         0.7656366968775247        38.35535306549471            78.93231048507849             126.204470233996             31707.38414889987         238875.7978292957         548578.6367955176             229.1959812481442         282.9717850565912         
135291.5907496612         0.7656366963994109        38.35535306549789            78.93231048507361             126.2044702639754            31707.38415746949         238875.7973418529         548578.6353392211             230.9163032718977         285.1484874942228         
135291.5904860051         0.7656366958727379        38.35535306549605            78.93231048507634             126.2044702949396            31707.38416693261         238875.7968050775         548578.6337356169             232.7641246414731         287.4043953705413         
135291.5901941431         0.7656366952897806        38.35535306549782            78.93231048507398             126.2044703269168            31707.38417740009         238875.7962108862         548578.6319604598             234.7580330126484         289.7477641589549         
135291.5898693744         0.7656366946411088        38.35535306549978            78.93231048507144             126.2044703598621            31707.38418904605         238875.7955497027         548578.6299851573             236.9205759802075         292.1881948033849         
135291.5895060134         0.7656366939152225        38.35535306549556            78.93231048507694             126.2044703936595            31707.38420209389         238875.7948099328         548578.62777513               239.2793842232592         294.7369357726455         
135291.5890966697         0.7656366930976822        38.35535306549926            78.93231048507252             126.2044704281811            31707.38421676506         238875.7939765742         548578.6252854274             241.8686937485741         297.4072704088045         
135291.5886325274         0.7656366921706478        38.35535306549652            78.9323104850757              126.2044704630748            31707.38423340712         238875.7930316478         548578.6224624304             244.7314365970273         300.2150175135789         
135291.5881023119         0.7656366911115117        38.35535306549676            78.93231048507549             126.2044704978151            31707.38425243625         238875.7919521875         548578.6192375632             247.9221508047427         303.1791824206636         
135291.5874914468         0.7656366898913497        38.35535306549522            78.93231048507681             126.2044705315588            31707.38427434953         238875.790708544          548578.615522171              251.5110823583672         306.3228068737986         
135291.5867815438         0.7656366884734478        38.35535306550067            78.93231048507241             126.2044705628981            31707.38429980451         238875.789263283          548578.6112044126             255.5900298039866         309.6740764547901         
135291.5859493332         0.765636686811162         38.3553530654962             78.93231048507586             126.2044705894807            31707.38432965815         238875.7875690081         548578.6061427571             260.2807236967998         313.2677456741345         
135291.5849650691         0.7656366848451668        38.35535306549973            78.93231048507393             126.2044706075089            31707.38436496537         238875.7855651727         548578.6001562846             265.7467973193295         317.1469082922317         
135291.5839801729         0.7656366828779232        38.35535306550403            78.93231048507238             126.2044706114626            31707.38440029335         238875.7835600525         548578.5941659682             271.1777640654387         320.7153917194801         
135291.5829730468         0.7656366808661599        38.35535306549318            78.9323104850768              126.2044706010196            31707.38443643458         238875.781509659          548578.588040445              276.743816121394          324.1175144010435         
135291.581830778          0.7656366785845988        38.35535306549423            78.93231048507614             126.2044705711083            31707.38447740468         238875.7791841514         548578.5810929596             283.1371588330171         327.7519652986901         
135291.5807980129         0.7656366765218082        38.35535306549546            78.93231048507575             126.2044705265685            31707.38451444061         238875.7770815851         548578.5748114951             289.0621775327594         330.8971420715703         
135291.5796787666         0.7656366742861616        38.35535306549407            78.93231048507565             126.2044704576145            31707.3845545945          238875.7748029387         548578.5680040369             295.7370144679158         334.2226539794299         
135291.5785747784         0.7656366720810248        38.35535306549237            78.93231048507522             126.2044703653097            31707.38459419659         238875.7725553603         548578.5612893814             302.7103484341372         337.4893777301987         
135291.5775193987         0.7656366699730186        38.3553530654945             78.93231048507523             126.2044702493632            31707.38463204977         238875.7704067476         548578.5548703709             309.9318689071517         340.6868302134753         
135291.5765348132         0.765636668006382         38.35535306549117            78.93231048507386             126.2044701088152            31707.38466736841         238875.768402258          548578.548881944              317.4383754746104         343.8466741660662         
135291.5757865205         0.765636666511698         38.35535306549377            78.93231048507441             126.204469972174             31707.38469421419         238875.7668788269         548578.5443306927             323.9507290535778         346.4781676633016         
135291.5751071314         0.7656366651547718        38.35535306549738            78.93231048507617             126.2044698132617            31707.38471857099         238875.7654956919         548578.5401985254             330.9066460165639         349.1987652052127         
135291.5744883476         0.7656366639188413        38.3553530654925             78.93231048507275             126.2044696155594            31707.38474076173         238875.7642359335         548578.5364349704             338.9586339778864         352.2584768750564         
135291.574068005          0.765636663079196         38.35535306549421            78.93231048507357             126.2044694112652            31707.38475584576         238875.7633801642         548578.5338783704             346.8422854371537         355.1879099243921         
135291.5738412084         0.7656366626260018        38.35535306549902            78.93231048507819             126.2044692031116            31707.38476400631         238875.7629184105         548578.5324989529             354.6208445827476         358.0389664597857         
135291.5738030042         0.7656366625497849        38.35535306550345            78.93231048508419             126.2044689974831            31707.38476536416         238875.7628406443         548578.5322665881             2.209133252831254         0.8049385827551385        
135291.5739422812         0.7656366628280127        38.35535306549917            78.93231048507937             126.2044687969437            31707.3847603637          238875.7631241987         548578.5331136958             9.646960268583184         3.521888179128298         
135291.5742489884         0.7656366634405338        38.35535306550063            78.9323104850824              126.2044686033885            31707.38474937567         238875.763748601          548578.5349791441             16.98373500095122         6.227244858455649         
135291.5747145307         0.765636664370531         38.35535306549688            78.93231048507624             126.2044684184442            31707.38473266093         238875.7646964004         548578.5378106567             24.27428247764648         8.960229847874743         
135291.5753366568         0.7656366656131245        38.3553530654963             78.93231048507513             126.2044682430955            31707.38471035206         238875.7659629615         548578.5415945402             31.59595438418251         11.77063088871446         
135291.5761220055         0.7656366671817346        38.35535306549453            78.93231048507026             126.2044680775524            31707.38468218926         238875.7675618217         548578.546371173              39.08249306069739         14.7361795415946          
135291.5769266616         0.7656366687890894        38.35535306549723            78.93231048507769             126.204467945653             31707.38465330957         238875.7692000136         548578.5512652366             45.66670550986883         17.44233033118914         
135291.5778704319         0.7656366706740264        38.35535306549883            78.932310485084               126.2044678235225            31707.38461947862         238875.7711213851         548578.557005418              52.54837419373163         20.39225176858277         
135291.5788296775         0.765636672590268         38.35535306549664            78.93231048507609             126.2044677258217            31707.38458503928         238875.7730743158         548578.5628397237             58.94909726522874         23.2707511960989          
135291.5797867853         0.7656366745020645        38.35535306549643            78.93231048507471             126.2044676495382            31707.38455070028         238875.7750228704         548578.5686610263             64.92845578368726         26.09958459578635         
135291.5807349812         0.7656366763956609        38.35535306549851            78.93231048508902             126.2044675916171            31707.38451673497         238875.7769532275         548578.5744281253             70.57240376581986         28.91516058240077         
135291.5816694098         0.7656366782621058        38.35535306549706            78.93231048507985             126.2044675496144            31707.38448321649         238875.7788556032         548578.5801114892             75.95098100267749         31.75090834441388         
135291.5825869044         0.7656366800947442        38.35535306549685            78.93231048507985             126.2044675217837            31707.38445030302         238875.7807235058         548578.585691857              81.11150886124872         34.63290015731243         
135291.5834840778         0.7656366818870143        38.35535306549652            78.9323104850737              126.2044675067055            31707.38441808849         238875.7825500671         548578.591148628              86.08848622353131         37.58369074743627         
135291.5843585937         0.7656366836336549        38.35535306549648            78.93231048507327             126.204467503298             31707.38438673715         238875.7843304501         548578.5964675915             90.90920516268808         40.62478176542232         
135291.5852076357         0.7656366853294767        38.35535306549649            78.93231048507806             126.2044675105141            31707.38435629103         238875.7860589803         548578.6016316186             95.59592680890925         43.77762011333026         
135291.5860286324         0.7656366869695854        38.35535306549709            78.93231048506618             126.2044675274815            31707.38432680965         238875.7877304553         548578.6066250696             100.1647374302155         47.06245746220092         
135291.5868183009         0.7656366885466582        38.35535306549605            78.93231048508139             126.2044675534273            31707.38429851427         238875.7893380874         548578.6114279759             104.6197661548607         50.49292635458549         
135291.5870057786         0.7656366889209804        38.35535306549558            78.93231048508594             126.2044675610276            31707.38429180953         238875.7897197476         548578.6125682492             105.6894498798626         51.35323618256229         
