Time = 64800.0 sec 
   4 2.414719592e+07 -4.606449795e+06 -4.518001696e+06 
   7 2.045053454e+07 -2.645643194e+07 -2.024212433e+07 
   9 2.190242371e+07 -1.669817771e+07 -1.480816942e+07 
  11 2.357091746e+07 -1.158347246e+07 -8.551185917e+06 
  27 2.180326505e+07 -1.853353713e+07 -1.472662776e+07 
  28 2.409336190e+07 -4.856234069e+06 -4.070576371e+06 
  30 2.238838762e+07 -1.680184038e+07 -1.284617646e+07 
  19 2.043715634e+07 -2.584823715e+07 -2.030792593e+07 
**************** 
Time = 64830.0 sec 
   4 2.412900745e+07 -4.702032217e+06 -4.592481219e+06 
   7 2.044202991e+07 -2.650112338e+07 -2.027694882e+07 
   9 2.191718096e+07 -1.662062633e+07 -1.474773986e+07 
  11 2.355136214e+07 -1.168623495e+07 -8.631260306e+06 
  27 2.181676405e+07 -1.846259436e+07 -1.467134769e+07 
  28 2.408017253e+07 -4.925542357e+06 -4.124582686e+06 
  30 2.237256349e+07 -1.688499752e+07 -1.291097417e+07 
  19 2.043821812e+07 -2.584265846e+07 -2.030357889e+07 
**************** 
Time = 64860.0 sec 
   4 2.411083311e+07 -4.797538271e+06 -4.666901230e+06 
   7 2.043359260e+07 -2.654546217e+07 -2.031149850e+07 
   9 2.193201534e+07 -1.654267303e+07 -1.468699710e+07 
  11 2.353183008e+07 -1.178887866e+07 -8.711242141e+06 
  27 2.183034430e+07 -1.839123333e+07 -1.461574173e+07 
  28 2.406700944e+07 -4.994713912e+06 -4.178482442e+06 
  30 2.235676892e+07 -1.696799712e+07 -1.297564913e+07 
  19 2.043940527e+07 -2.583642009e+07 -2.029871781e+07 
**************** 
Time = 64890.0 sec 
   4 2.409267179e+07 -4.892974863e+06 -4.741267116e+06 
   7 2.042522056e+07 -2.658945670e+07 -2.034577994e+07 
   9 2.194692336e+07 -1.646433091e+07 -1.462595139e+07 
  11 2.351231819e+07 -1.189141120e+07 -8.791137385e+06 
  27 2.184400092e+07 -1.831946697e+07 -1.455981993e+07 
  28 2.405387078e+07 -5.063759156e+06 -4.232283783e+06 
  30 2.234100326e+07 -1.705084773e+07 -1.304020799e+07 
  19 2.044071553e+07 -2.582953311e+07 -2.029335131e+07 
**************** 
Time = 64920.0 sec 
   4 2.407452573e+07 -4.988333672e+06 -4.815572395e+06 
   7 2.041691545e+07 -2.663309985e+07 -2.037978755e+07 
   9 2.196190612e+07 -1.638559744e+07 -1.456460072e+07 
  11 2.349282965e+07 -1.199382434e+07 -8.870939574e+06 
  27 2.185773490e+07 -1.824729259e+07 -1.450358019e+07 
  28 2.404075726e+07 -5.132672996e+06 -4.285982717e+06 
  30 2.232526687e+07 -1.713354237e+07 -1.310464532e+07 
  19 2.044215052e+07 -2.582199275e+07 -2.028747569e+07 
**************** 
Time = 64950.0 sec 
   4 2.405639388e+07 -5.083612270e+06 -4.889815193e+06 
   7 2.040867780e+07 -2.667639023e+07 -2.041352029e+07 
   9 2.197696212e+07 -1.630647601e+07 -1.450294775e+07 
  11 2.347336428e+07 -1.209611533e+07 -8.950646593e+06 
  27 2.187154725e+07 -1.817471338e+07 -1.444702499e+07 
  28 2.402766823e+07 -5.201456226e+06 -4.339579900e+06 
  30 2.230955994e+07 -1.721607996e+07 -1.316896027e+07 
  19 2.044370934e+07 -2.581380108e+07 -2.028109256e+07 
**************** 
Time = 64980.0 sec 
   4 2.403827765e+07 -5.178812765e+06 -4.963997125e+06 
   7 2.040050653e+07 -2.671933115e+07 -2.044698073e+07 
   9 2.199209102e+07 -1.622697476e+07 -1.444099881e+07 
  11 2.345392087e+07 -1.219828718e+07 -9.030260763e+06 
  27 2.188543310e+07 -1.810173731e+07 -1.439016056e+07 
  28 2.401460302e+07 -5.270114335e+06 -4.393079585e+06 
  30 2.229388344e+07 -1.729846402e+07 -1.323315561e+07 
  19 2.044539090e+07 -2.580496371e+07 -2.027420629e+07 
**************** 
Time = 65010.0 sec 
   4 2.402017862e+07 -5.273920289e+06 -5.038106651e+06 
   7 2.039240423e+07 -2.676190922e+07 -2.048015842e+07 
   9 2.200729386e+07 -1.614708477e+07 -1.437874695e+07 
  11 2.343450397e+07 -1.230032477e+07 -9.109770335e+06 
  27 2.189939775e+07 -1.802835525e+07 -1.433297978e+07 
  28 2.400156348e+07 -5.338635553e+06 -4.446472609e+06 
  30 2.227823736e+07 -1.738068115e+07 -1.329722086e+07 
  19 2.044719737e+07 -2.579547012e+07 -2.026680866e+07 
**************** 
Time = 65040.0 sec 
   4 2.400209828e+07 -5.368937307e+06 -5.112145618e+06 
   7 2.038436974e+07 -2.680412857e+07 -2.051305661e+07 
   9 2.202256834e+07 -1.606681454e+07 -1.431619881e+07 
  11 2.341511174e+07 -1.240223056e+07 -9.189177242e+06 
  27 2.191343746e+07 -1.795457545e+07 -1.427548907e+07 
  28 2.398854836e+07 -5.407025579e+06 -4.499763395e+06 
  30 2.226262334e+07 -1.746273523e+07 -1.336115905e+07 
  19 2.044912736e+07 -2.578532673e+07 -2.025890472e+07 
**************** 
Time = 65070.0 sec 
   4 2.398403452e+07 -5.463860976e+06 -5.186111852e+06 
   7 2.037640450e+07 -2.684598765e+07 -2.054567405e+07 
   9 2.203791538e+07 -1.598616728e+07 -1.425335688e+07 
  11 2.339574487e+07 -1.250400226e+07 -9.268479643e+06 
  27 2.192755289e+07 -1.788040096e+07 -1.421769081e+07 
  28 2.397555945e+07 -5.475285264e+06 -4.552952623e+06 
  30 2.224704034e+07 -1.754462493e+07 -1.342496916e+07 
  19 2.045118151e+07 -2.577453486e+07 -2.025049545e+07 
**************** 
Time = 65100.0 sec 
   4 2.396598859e+07 -5.558687967e+06 -5.260002792e+06 
   7 2.036850798e+07 -2.688748399e+07 -2.057800885e+07 
   9 2.205333320e+07 -1.590514543e+07 -1.419022307e+07 
  11 2.337640424e+07 -1.260563654e+07 -9.347674977e+06 
  27 2.194174241e+07 -1.780583404e+07 -1.415958676e+07 
  28 2.396259475e+07 -5.543414437e+06 -4.606040171e+06 
  30 2.223148866e+07 -1.762634808e+07 -1.348864950e+07 
  19 2.045335815e+07 -2.576309498e+07 -2.024158125e+07 
**************** 
Time = 65130.0 sec 
   4 2.394796317e+07 -5.653414167e+06 -5.333815223e+06 
   7 2.036068105e+07 -2.692861443e+07 -2.061005852e+07 
   9 2.206882230e+07 -1.582375093e+07 -1.412679888e+07 
  11 2.335709080e+07 -1.270712964e+07 -9.426760344e+06 
  27 2.195600646e+07 -1.773087634e+07 -1.410117820e+07 
  28 2.394965486e+07 -5.611412305e+06 -4.659025381e+06 
  30 2.221596945e+07 -1.770790193e+07 -1.355219790e+07 
  19 2.045565840e+07 -2.575100710e+07 -2.023216211e+07 
**************** 
Time = 65160.0 sec 
   4 2.392995755e+07 -5.748037602e+06 -5.407547561e+06 
   7 2.035292390e+07 -2.696937882e+07 -2.064182296e+07 
   9 2.208438146e+07 -1.574198780e+07 -1.406308744e+07 
  11 2.333780450e+07 -1.280847942e+07 -9.505734002e+06 
  27 2.197034386e+07 -1.765553173e+07 -1.404246814e+07 
  28 2.393674010e+07 -5.679280098e+06 -4.711909249e+06 
  30 2.220048277e+07 -1.778928598e+07 -1.361561398e+07 
  19 2.045808132e+07 -2.573827368e+07 -2.022223996e+07 
**************** 
Time = 65190.0 sec 
   4 2.391197139e+07 -5.842554628e+06 -5.481196989e+06 
   7 2.034523669e+07 -2.700977515e+07 -2.067330062e+07 
   9 2.210000983e+07 -1.565985860e+07 -1.399909076e+07 
  11 2.331854595e+07 -1.290968280e+07 -9.584593588e+06 
  27 2.198475471e+07 -1.757980249e+07 -1.398345838e+07 
  28 2.392384954e+07 -5.747017588e+06 -4.764691573e+06 
  30 2.218502816e+07 -1.787049811e+07 -1.367889611e+07 
  19 2.046062736e+07 -2.572489523e+07 -2.021181518e+07 
**************** 
Time = 65220.0 sec 
   4 2.389400490e+07 -5.936962701e+06 -5.554761568e+06 
   7 2.033761980e+07 -2.704980193e+07 -2.070449030e+07 
   9 2.211570795e+07 -1.557736689e+07 -1.393481160e+07 
  11 2.329931619e+07 -1.301073748e+07 -9.663337288e+06 
  27 2.199923853e+07 -1.750369199e+07 -1.392415154e+07 
  28 2.391098483e+07 -5.814625894e+06 -4.817373236e+06 
  30 2.216960749e+07 -1.795153721e+07 -1.374204340e+07 
  19 2.046329570e+07 -2.571087359e+07 -2.020088922e+07 
**************** 
Time = 65250.0 sec 
   4 2.387606243e+07 -6.031257458e+06 -5.628237819e+06 
   7 2.033007384e+07 -2.708945607e+07 -2.073538962e+07 
   9 2.213147444e+07 -1.549451423e+07 -1.387025118e+07 
  11 2.328011473e+07 -1.311163909e+07 -9.741961724e+06 
  27 2.201379371e+07 -1.742720156e+07 -1.386454865e+07 
  28 2.389814392e+07 -5.882103717e+06 -4.869953215e+06 
  30 2.215421924e+07 -1.803240017e+07 -1.380505344e+07 
  19 2.046608652e+07 -2.569620844e+07 -2.018946183e+07 
**************** 
Time = 65280.0 sec 
   4 2.385813948e+07 -6.125436550e+06 -5.701623931e+06 
   7 2.032259874e+07 -2.712873670e+07 -2.076599789e+07 
   9 2.214730860e+07 -1.541130438e+07 -1.380541243e+07 
  11 2.326094287e+07 -1.321238541e+07 -9.820465148e+06 
  27 2.202842084e+07 -1.735033472e+07 -1.380465245e+07 
  28 2.388532787e+07 -5.949452250e+06 -4.922432446e+06 
  30 2.213886547e+07 -1.811308610e+07 -1.386792554e+07 
  19 2.046899898e+07 -2.568090188e+07 -2.017753463e+07 
**************** 
Time = 65310.0 sec 
   4 2.384024046e+07 -6.219495523e+06 -5.774916444e+06 
   7 2.031519574e+07 -2.716764069e+07 -2.079631268e+07 
   9 2.216321065e+07 -1.532773904e+07 -1.374029667e+07 
  11 2.324180218e+07 -1.331297234e+07 -9.898844387e+06 
  27 2.204311952e+07 -1.727309285e+07 -1.374446401e+07 
  28 2.387253590e+07 -6.016670202e+06 -4.974809919e+06 
  30 2.212354515e+07 -1.819359186e+07 -1.393065726e+07 
  19 2.047203399e+07 -2.566495376e+07 -2.016510754e+07 
**************** 
Time = 65340.0 sec 
   4 2.382236555e+07 -6.313431840e+06 -5.848113389e+06 
   7 2.030786433e+07 -2.720616672e+07 -2.082633297e+07 
   9 2.217917952e+07 -1.524382176e+07 -1.367490667e+07 
  11 2.322269163e+07 -1.341339745e+07 -9.977097529e+06 
  27 2.205788906e+07 -1.719547939e+07 -1.368398602e+07 
  28 2.385977029e+07 -6.083758479e+06 -5.027086338e+06 
  30 2.210826012e+07 -1.827391642e+07 -1.399324777e+07 
  19 2.047519052e+07 -2.564836593e+07 -2.015218196e+07 
**************** 
Time = 65370.0 sec 
   4 2.380451487e+07 -6.407237522e+06 -5.921208479e+06 
   7 2.030060623e+07 -2.724430835e+07 -2.085605371e+07 
   9 2.219521605e+07 -1.515955082e+07 -1.360924110e+07 
  11 2.320361374e+07 -1.351365299e+07 -1.005521853e+07 
  27 2.207272966e+07 -1.711749226e+07 -1.362321687e+07 
  28 2.384702908e+07 -6.150712863e+06 -5.079258446e+06 
  30 2.209301056e+07 -1.835405326e+07 -1.405569201e+07 
  19 2.047846945e+07 -2.563113506e+07 -2.013875531e+07 
**************** 
Time = 65400.0 sec 
   4 2.378668665e+07 -6.500921437e+06 -5.994208708e+06 
   7 2.029341924e+07 -2.728207581e+07 -2.088548289e+07 
   9 2.221131680e+07 -1.507494102e+07 -1.354331148e+07 
  11 2.318456581e+07 -1.361374781e+07 -1.013321431e+07 
  27 2.208763835e+07 -1.703914611e+07 -1.356216796e+07 
  28 2.383431125e+07 -6.217545336e+06 -5.131335555e+06 
  30 2.207779474e+07 -1.843401249e+07 -1.411799784e+07 
  19 2.048186829e+07 -2.561327393e+07 -2.012483754e+07 
**************** 
Time = 65430.0 sec 
   4 2.376888391e+07 -6.594470188e+06 -6.067103604e+06 
   7 2.028630618e+07 -2.731945707e+07 -2.091461114e+07 
   9 2.222748383e+07 -1.498998522e+07 -1.347711224e+07 
  11 2.316555092e+07 -1.371366925e+07 -1.021107497e+07 
  27 2.210261685e+07 -1.696043342e+07 -1.350083343e+07 
  28 2.382161820e+07 -6.284245906e+06 -5.183309878e+06 
  30 2.206261522e+07 -1.851378210e+07 -1.418015594e+07 
  19 2.048538879e+07 -2.559477397e+07 -2.011042201e+07 
**************** 
Time = 65460.0 sec 
   4 2.375110979e+07 -6.687878904e+06 -6.139889392e+06 
   7 2.027926686e+07 -2.735644850e+07 -2.094343562e+07 
   9 2.224371609e+07 -1.490468453e+07 -1.341064427e+07 
  11 2.314657048e+07 -1.381341219e+07 -1.028879655e+07 
  27 2.211766484e+07 -1.688135510e+07 -1.343921400e+07 
  28 2.380895031e+07 -6.350812985e+06 -5.235180180e+06 
  30 2.204747223e+07 -1.859335852e+07 -1.424216349e+07 
  19 2.048903066e+07 -2.557563454e+07 -2.009550816e+07 
**************** 
Time = 65490.0 sec 
   4 2.373335876e+07 -6.781157359e+06 -6.212573708e+06 
   7 2.027229966e+07 -2.739306145e+07 -2.097196518e+07 
   9 2.226001011e+07 -1.481905489e+07 -1.334391999e+07 
  11 2.312762200e+07 -1.391298660e+07 -1.036638679e+07 
  27 2.213277977e+07 -1.680192676e+07 -1.337732183e+07 
  28 2.379630611e+07 -6.417259864e+06 -5.286956826e+06 
  30 2.203236377e+07 -1.867275282e+07 -1.430402913e+07 
  19 2.049279185e+07 -2.555586987e+07 -2.008010712e+07 
**************** 
Time = 65520.0 sec 
   4 2.371563621e+07 -6.874288151e+06 -6.285142952e+06 
   7 2.026540748e+07 -2.742927991e+07 -2.100018735e+07 
   9 2.227636986e+07 -1.473308528e+07 -1.327693078e+07 
  11 2.310870844e+07 -1.401237557e+07 -1.044383251e+07 
  27 2.214796313e+07 -1.672213722e+07 -1.331514819e+07 
  28 2.378368660e+07 -6.483572733e+06 -5.338629052e+06 
  30 2.201729348e+07 -1.875194926e+07 -1.436574060e+07 
  19 2.049667429e+07 -2.553546751e+07 -2.006420917e+07 
**************** 
Time = 65550.0 sec 
   4 2.369794192e+07 -6.967272731e+06 -6.357598239e+06 
   7 2.025859004e+07 -2.746510669e+07 -2.102810431e+07 
   9 2.229279262e+07 -1.464678328e+07 -1.320968258e+07 
  11 2.308983039e+07 -1.411158084e+07 -1.052113512e+07 
  27 2.216321468e+07 -1.664199365e+07 -1.325269869e+07 
  28 2.377109143e+07 -6.549756378e+06 -5.390200619e+06 
  30 2.200225962e+07 -1.883095055e+07 -1.442730000e+07 
  19 2.050067699e+07 -2.551443344e+07 -2.004781899e+07 
**************** 
Time = 65580.0 sec 
   4 2.368027571e+07 -7.060109483e+06 -6.429938332e+06 
   7 2.025184670e+07 -2.750054161e+07 -2.105571592e+07 
   9 2.230927798e+07 -1.456015308e+07 -1.314217864e+07 
  11 2.307098762e+07 -1.421060022e+07 -1.059829288e+07 
  27 2.217853123e+07 -1.656150008e+07 -1.318997646e+07 
  28 2.375852346e+07 -6.615812227e+06 -5.441672580e+06 
  30 2.198726385e+07 -1.890975607e+07 -1.448870686e+07 
  19 2.050479966e+07 -2.549276983e+07 -2.003093825e+07 
**************** 
Time = 65610.0 sec 
   4 2.366263780e+07 -7.152794518e+06 -6.502160172e+06 
   7 2.024517867e+07 -2.753558239e+07 -2.108302042e+07 
   9 2.232582476e+07 -1.447319752e+07 -1.307442117e+07 
  11 2.305218030e+07 -1.430943076e+07 -1.067530351e+07 
  27 2.219391530e+07 -1.648065891e+07 -1.312698338e+07 
  28 2.374597882e+07 -6.681740484e+06 -5.493045109e+06 
  30 2.197230538e+07 -1.898836377e+07 -1.454995957e+07 
  19 2.050904131e+07 -2.547047846e+07 -2.001356834e+07 
**************** 
Time = 65640.0 sec 
   4 2.364503081e+07 -7.245324061e+06 -6.574260905e+06 
   7 2.023858630e+07 -2.757022663e+07 -2.111001591e+07 
   9 2.234243345e+07 -1.438591892e+07 -1.300641199e+07 
  11 2.303341018e+07 -1.440806868e+07 -1.075216405e+07 
  27 2.220936472e+07 -1.639947233e+07 -1.306372115e+07 
  28 2.373345690e+07 -6.747540491e+06 -5.544317668e+06 
  30 2.195738409e+07 -1.906677118e+07 -1.461105621e+07 
  19 2.051340255e+07 -2.544755990e+07 -1.999570971e+07 
**************** 
Time = 65670.0 sec 
   4 2.362745281e+07 -7.337694564e+06 -6.646237711e+06 
   7 2.023206974e+07 -2.760447214e+07 -2.113670071e+07 
   9 2.235910376e+07 -1.429831984e+07 -1.293815308e+07 
  11 2.301467716e+07 -1.450651109e+07 -1.082887224e+07 
  27 2.222487915e+07 -1.631794246e+07 -1.300019142e+07 
  28 2.372095956e+07 -6.813212414e+06 -5.595490445e+06 
  30 2.194250292e+07 -1.914497596e+07 -1.467199495e+07 
  19 2.051788308e+07 -2.542401519e+07 -1.997736318e+07 
**************** 
Time = 65700.0 sec 
   4 2.360990641e+07 -7.429902495e+06 -6.718087814e+06 
   7 2.022562909e+07 -2.763831700e+07 -2.116307331e+07 
   9 2.237583408e+07 -1.421040296e+07 -1.286964654e+07 
  11 2.299598184e+07 -1.460475437e+07 -1.090542527e+07 
  27 2.224045868e+07 -1.623607179e+07 -1.293639611e+07 
  28 2.370848526e+07 -6.878756224e+06 -5.646563413e+06 
  30 2.192765934e+07 -1.922297592e+07 -1.473277411e+07 
  19 2.052248258e+07 -2.539984536e+07 -1.995852954e+07 
**************** 
Time = 65730.0 sec 
   4 2.359239102e+07 -7.521944063e+06 -6.789808309e+06 
   7 2.021926553e+07 -2.767175831e+07 -2.118913146e+07 
   9 2.239262381e+07 -1.412217073e+07 -1.280089426e+07 
  11 2.297732538e+07 -1.470279448e+07 -1.098182000e+07 
  27 2.225610252e+07 -1.615386238e+07 -1.287233687e+07 
  28 2.369603580e+07 -6.944171158e+06 -5.697535968e+06 
  30 2.191285637e+07 -1.930076859e+07 -1.479339172e+07 
  19 2.052720057e+07 -2.537505138e+07 -1.993920955e+07 
**************** 
Time = 65760.0 sec 
   4 2.357490741e+07 -7.613817581e+06 -6.861397870e+06 
   7 2.021297812e+07 -2.770479651e+07 -2.121487550e+07 
   9 2.240947308e+07 -1.403362787e+07 -1.273189993e+07 
  11 2.295870836e+07 -1.480063032e+07 -1.105805556e+07 
  27 2.227181047e+07 -1.607131871e+07 -1.280801716e+07 
  28 2.368361438e+07 -7.009459245e+06 -5.748409660e+06 
  30 2.189809226e+07 -1.937835381e+07 -1.485384770e+07 
  19 2.053203696e+07 -2.534963634e+07 -1.991940562e+07 
**************** 
Time = 65790.0 sec 
   4 2.355745740e+07 -7.705519506e+06 -6.932853675e+06 
   7 2.020676848e+07 -2.773742933e+07 -2.124030367e+07 
   9 2.242638138e+07 -1.394477691e+07 -1.266266553e+07 
  11 2.294012991e+07 -1.489825831e+07 -1.113412917e+07 
  27 2.228758130e+07 -1.598844293e+07 -1.274343868e+07 
  28 2.367121400e+07 -7.074619966e+06 -5.799184089e+06 
  30 2.188336866e+07 -1.945572916e+07 -1.491414012e+07 
  19 2.053699099e+07 -2.532360127e+07 -1.989911854e+07 
**************** 
Time = 65820.0 sec 
   4 2.354003942e+07 -7.797045801e+06 -7.004172676e+06 
   7 2.020063633e+07 -2.776965443e+07 -2.126541413e+07 
   9 2.244334662e+07 -1.385562014e+07 -1.259319283e+07 
  11 2.292159245e+07 -1.499567491e+07 -1.121003805e+07 
  27 2.230341452e+07 -1.590523712e+07 -1.267860301e+07 
  28 2.365883859e+07 -7.139653342e+06 -5.849859306e+06 
  30 2.186868428e+07 -1.953289214e+07 -1.497426707e+07 
  19 2.054206303e+07 -2.529694774e+07 -1.987834956e+07 
**************** 
Time = 65850.0 sec 
   4 2.352265640e+07 -7.888393721e+06 -7.075352693e+06 
   7 2.019458187e+07 -2.780147026e+07 -2.129020567e+07 
   9 2.246037070e+07 -1.376616103e+07 -1.252348454e+07 
  11 2.290309492e+07 -1.509287752e+07 -1.128578020e+07 
  27 2.231931038e+07 -1.582170426e+07 -1.261351252e+07 
  28 2.364648698e+07 -7.204559918e+06 -5.900435723e+06 
  30 2.185404126e+07 -1.960984110e+07 -1.503422725e+07 
  19 2.054725271e+07 -2.526967704e+07 -1.985709966e+07 
**************** 
Time = 65880.0 sec 
   4 2.350530822e+07 -7.979559463e+06 -7.146390742e+06 
   7 2.018860592e+07 -2.783287434e+07 -2.131467637e+07 
   9 2.247745038e+07 -1.367640213e+07 -1.245354264e+07 
  11 2.288463844e+07 -1.518986256e+07 -1.136135282e+07 
  27 2.233526819e+07 -1.573784664e+07 -1.254816896e+07 
  28 2.363415898e+07 -7.269339420e+06 -5.950913126e+06 
  30 2.183943966e+07 -1.968657376e+07 -1.509401888e+07 
  19 2.055255921e+07 -2.524179055e+07 -1.983536992e+07 
**************** 
Time = 65910.0 sec 
   4 2.348799522e+07 -8.070539523e+06 -7.217284122e+06 
   7 2.018270882e+07 -2.786386491e+07 -2.133882487e+07 
   9 2.249458846e+07 -1.358634610e+07 -1.238336924e+07 
  11 2.286622514e+07 -1.528662679e+07 -1.143675338e+07 
  27 2.235128691e+07 -1.565366659e+07 -1.248257415e+07 
  28 2.362185588e+07 -7.333991891e+06 -6.001291517e+06 
  30 2.182487898e+07 -1.976308780e+07 -1.515364016e+07 
  19 2.055798296e+07 -2.521328935e+07 -1.981316119e+07 
**************** 
Time = 65940.0 sec 
   4 2.347071608e+07 -8.161339540e+06 -7.288037241e+06 
   7 2.017688823e+07 -2.789444946e+07 -2.136265696e+07 
   9 2.251177998e+07 -1.349600491e+07 -1.231297361e+07 
  11 2.284785273e+07 -1.538317614e+07 -1.151198649e+07 
  27 2.236736508e+07 -1.556917574e+07 -1.241673716e+07 
  28 2.360957667e+07 -7.398526238e+06 -6.051577895e+06 
  30 2.181035977e+07 -1.983939025e+07 -1.521309655e+07 
  19 2.056352124e+07 -2.518418477e+07 -1.979048230e+07 
**************** 
Time = 65970.0 sec 
   4 2.345347617e+07 -8.251942172e+06 -7.358636520e+06 
   7 2.017114891e+07 -2.792461197e+07 -2.138616022e+07 
   9 2.252902759e+07 -1.340536759e+07 -1.224234724e+07 
  11 2.282952400e+07 -1.547949327e+07 -1.158703866e+07 
  27 2.238350451e+07 -1.548436273e+07 -1.235064915e+07 
  28 2.359732012e+07 -7.462928909e+06 -6.101761660e+06 
  30 2.179588315e+07 -1.991546509e+07 -1.527237562e+07 
  19 2.056917663e+07 -2.515446375e+07 -1.976732307e+07 
**************** 
Time = 66000.0 sec 
   4 2.343627052e+07 -8.342348010e+06 -7.429082496e+06 
   7 2.016548902e+07 -2.795435449e+07 -2.140933620e+07 
   9 2.254633038e+07 -1.331444101e+07 -1.217149547e+07 
  11 2.281123899e+07 -1.557557906e+07 -1.166191056e+07 
  27 2.239970374e+07 -1.539923411e+07 -1.228431519e+07 
  28 2.358508861e+07 -7.527203825e+06 -6.151845885e+06 
  30 2.178144934e+07 -1.999131425e+07 -1.533147882e+07 
  19 2.057494891e+07 -2.512413184e+07 -1.974368780e+07 
**************** 
Time = 66030.0 sec 
   4 2.341910438e+07 -8.432555158e+06 -7.499373646e+06 
   7 2.015990888e+07 -2.798367663e+07 -2.143218460e+07 
   9 2.256368748e+07 -1.322322948e+07 -1.210042167e+07 
  11 2.279299880e+07 -1.567143195e+07 -1.173660098e+07 
  27 2.241596311e+07 -1.531379385e+07 -1.221773842e+07 
  28 2.357288154e+07 -7.591352797e+06 -6.201831986e+06 
  30 2.176705901e+07 -2.006693709e+07 -1.539040567e+07 
  19 2.058083649e+07 -2.509319228e+07 -1.971957907e+07 
**************** 
Time = 66060.0 sec 
   4 2.340197873e+07 -8.522560311e+06 -7.569507343e+06 
   7 2.015440948e+07 -2.801257666e+07 -2.145470410e+07 
   9 2.258109799e+07 -1.313173625e+07 -1.202912835e+07 
  11 2.277480324e+07 -1.576704907e+07 -1.181110769e+07 
  27 2.243228034e+07 -1.522804481e+07 -1.215092103e+07 
  28 2.356069841e+07 -7.655375789e+06 -6.251719909e+06 
  30 2.175271159e+07 -2.014233174e+07 -1.544915470e+07 
  19 2.058683912e+07 -2.506164701e+07 -1.969499833e+07 
**************** 
Time = 66090.0 sec 
   4 2.338489005e+07 -8.612360627e+06 -7.639481468e+06 
   7 2.014899059e+07 -2.804105335e+07 -2.147689372e+07 
   9 2.259856220e+07 -1.303996447e+07 -1.195761799e+07 
  11 2.275665338e+07 -1.586242718e+07 -1.188542815e+07 
  27 2.244865598e+07 -1.514198980e+07 -1.208386521e+07 
  28 2.354853981e+07 -7.719273511e+06 -6.301510231e+06 
  30 2.173840842e+07 -2.021749639e+07 -1.550772451e+07 
  19 2.059295711e+07 -2.502949772e+07 -1.966994694e+07 
**************** 
Time = 66120.0 sec 
   4 2.336784112e+07 -8.701951797e+06 -7.709292624e+06 
   7 2.014365270e+07 -2.806910395e+07 -2.149875132e+07 
   9 2.261607834e+07 -1.294791625e+07 -1.188589222e+07 
  11 2.273854973e+07 -1.595756257e+07 -1.195955949e+07 
  27 2.246508999e+07 -1.505563057e+07 -1.201657236e+07 
  28 2.353640393e+07 -7.783044997e+06 -6.351202182e+06 
  30 2.172414932e+07 -2.029242817e+07 -1.556611288e+07 
  19 2.059918955e+07 -2.499674546e+07 -1.964442568e+07 
**************** 
Time = 66150.0 sec 
   4 2.335083170e+07 -8.791331916e+06 -7.778939318e+06 
   7 2.013839609e+07 -2.809672811e+07 -2.152027663e+07 
   9 2.263364588e+07 -1.285559610e+07 -1.181395455e+07 
  11 2.272049285e+07 -1.605245363e+07 -1.203350045e+07 
  27 2.248158009e+07 -1.496897119e+07 -1.194904563e+07 
  28 2.352429105e+07 -7.846692132e+06 -6.400797231e+06 
  30 2.170993470e+07 -2.036712652e+07 -1.562431934e+07 
  19 2.060553653e+07 -2.496339342e+07 -1.961843709e+07 
**************** 
Time = 66180.0 sec 
   4 2.333386466e+07 -8.880495290e+06 -7.848417111e+06 
   7 2.013322113e+07 -2.812392170e+07 -2.154146643e+07 
   9 2.265126590e+07 -1.276300457e+07 -1.174180543e+07 
  11 2.270248256e+07 -1.614709491e+07 -1.210724676e+07 
  27 2.249812832e+07 -1.488201192e+07 -1.188128521e+07 
  28 2.351220438e+07 -7.910212650e+06 -6.450293628e+06 
  30 2.169576541e+07 -2.044158695e+07 -1.568234042e+07 
  19 2.061199724e+07 -2.492944107e+07 -1.959198070e+07 
**************** 
Time = 66210.0 sec 
   4 2.331693864e+07 -8.969441091e+06 -7.917725391e+06 
   7 2.012812841e+07 -2.815068586e+07 -2.156232161e+07 
   9 2.266893612e+07 -1.267014743e+07 -1.166944932e+07 
  11 2.268452102e+07 -1.624148586e+07 -1.218079800e+07 
  27 2.251473214e+07 -1.479475808e+07 -1.181329525e+07 
  28 2.350014034e+07 -7.973609787e+06 -6.499693903e+06 
  30 2.168164119e+07 -2.051581016e+07 -1.574017664e+07 
  19 2.061857151e+07 -2.489489266e+07 -1.956505986e+07 
**************** 
Time = 66240.0 sec 
   4 2.330005523e+07 -9.058164485e+06 -7.986860320e+06 
   7 2.012311757e+07 -2.817701698e+07 -2.158283936e+07 
   9 2.268665705e+07 -1.257702589e+07 -1.159688721e+07 
  11 2.266660713e+07 -1.633562159e+07 -1.225415039e+07 
  27 2.253139268e+07 -1.470721052e+07 -1.174507642e+07 
  28 2.348810044e+07 -8.036881503e+06 -6.548996425e+06 
  30 2.166756277e+07 -2.058979236e+07 -1.579782509e+07 
  19 2.062525926e+07 -2.485974823e+07 -1.953767459e+07 
**************** 
Time = 66270.0 sec 
   4 2.328321478e+07 -9.146663204e+06 -8.055820206e+06 
   7 2.011818933e+07 -2.820291468e+07 -2.160301938e+07 
   9 2.270442612e+07 -1.248364438e+07 -1.152412251e+07 
  11 2.264874198e+07 -1.642950030e+07 -1.232730250e+07 
  27 2.254810655e+07 -1.461937326e+07 -1.167663185e+07 
  28 2.347608315e+07 -8.100029569e+06 -6.598202590e+06 
  30 2.165353035e+07 -2.066353287e+07 -1.585528519e+07 
  19 2.063205966e+07 -2.482401115e+07 -1.950982751e+07 
**************** 
Time = 66300.0 sec 
   4 2.326641696e+07 -9.234933170e+06 -8.124601807e+06 
   7 2.011334427e+07 -2.822837602e+07 -2.162285939e+07 
   9 2.272224600e+07 -1.239000466e+07 -1.145115661e+07 
  11 2.263092725e+07 -1.652311801e+07 -1.240025122e+07 
  27 2.256487711e+07 -1.453124766e+07 -1.160796262e+07 
  28 2.346408988e+07 -8.163052809e+06 -6.647311499e+06 
  30 2.163954434e+07 -2.073702842e+07 -1.591255442e+07 
  19 2.063897305e+07 -2.478768202e+07 -1.948151910e+07 
**************** 
Time = 66330.0 sec 
   4 2.324966391e+07 -9.322971277e+06 -8.193202748e+06 
   7 2.010858275e+07 -2.825339997e+07 -2.164235856e+07 
   9 2.274011350e+07 -1.229611036e+07 -1.137799234e+07 
  11 2.261316262e+07 -1.661647211e+07 -1.247299453e+07 
  27 2.258170080e+07 -1.444283694e+07 -1.153907120e+07 
  28 2.345212106e+07 -8.225952081e+06 -6.696323791e+06 
  30 2.162560588e+07 -2.081027752e+07 -1.596963161e+07 
  19 2.064599844e+07 -2.475076329e+07 -1.945275125e+07 
**************** 
Time = 66360.0 sec 
   4 2.323295509e+07 -9.410779948e+06 -8.261624913e+06 
   7 2.010390301e+07 -2.827799034e+07 -2.166151988e+07 
   9 2.275802795e+07 -1.220197007e+07 -1.130463640e+07 
  11 2.259544726e+07 -1.670956501e+07 -1.254553432e+07 
  27 2.259857747e+07 -1.435414933e+07 -1.146996402e+07 
  28 2.344017367e+07 -8.288733050e+06 -6.745243921e+06 
  30 2.161171279e+07 -2.088328367e+07 -1.602651948e+07 
  19 2.065313457e+07 -2.471326253e+07 -1.942352988e+07 
**************** 
Time = 66390.0 sec 
   4 2.321629072e+07 -9.498344742e+06 -8.329857041e+06 
   7 2.009930834e+07 -2.830213465e+07 -2.168033362e+07 
   9 2.277599044e+07 -1.210757569e+07 -1.123108248e+07 
  11 2.257778493e+07 -1.680238254e+07 -1.261785955e+07 
  27 2.261550863e+07 -1.426517630e+07 -1.140063446e+07 
  28 2.342825202e+07 -8.351385118e+06 -6.794063603e+06 
  30 2.159786910e+07 -2.095603375e+07 -1.608320781e+07 
  19 2.066038333e+07 -2.467517022e+07 -1.939384756e+07 
**************** 
Time = 66420.0 sec 
   4 2.319967423e+07 -9.585666537e+06 -8.397899845e+06 
   7 2.009479845e+07 -2.832583493e+07 -2.169880137e+07 
   9 2.279399951e+07 -1.201293446e+07 -1.115733619e+07 
  11 2.256017440e+07 -1.689492575e+07 -1.268997101e+07 
  27 2.263249238e+07 -1.417592464e+07 -1.133108776e+07 
  28 2.341635285e+07 -8.413912477e+06 -6.842786097e+06 
  30 2.158407353e+07 -2.102852979e+07 -1.613969819e+07 
  19 2.066774372e+07 -2.463649289e+07 -1.936370940e+07 
**************** 
Time = 66450.0 sec 
   4 2.318310360e+07 -9.672743977e+06 -8.465752224e+06 
   7 2.009037273e+07 -2.834909178e+07 -2.171692358e+07 
   9 2.281205618e+07 -1.191805143e+07 -1.108340149e+07 
  11 2.254261630e+07 -1.698719380e+07 -1.276186807e+07 
  27 2.264952912e+07 -1.408639896e+07 -1.126132756e+07 
  28 2.340447742e+07 -8.476317352e+06 -6.891413148e+06 
  30 2.157032659e+07 -2.110077183e+07 -1.619599066e+07 
  19 2.067521420e+07 -2.459723440e+07 -1.933311837e+07 
**************** 
Time = 66480.0 sec 
   4 2.316658094e+07 -9.759573301e+06 -8.533411259e+06 
   7 2.008603202e+07 -2.837190325e+07 -2.173469875e+07 
   9 2.283015720e+07 -1.182292903e+07 -1.100928027e+07 
  11 2.252511146e+07 -1.707918288e+07 -1.283354776e+07 
  27 2.266661650e+07 -1.399660127e+07 -1.119135539e+07 
  28 2.339262555e+07 -8.538599564e+06 -6.939944652e+06 
  30 2.155662771e+07 -2.117275710e+07 -1.625208304e+07 
  19 2.068279496e+07 -2.455739610e+07 -1.930207554e+07 
**************** 
Time = 66510.0 sec 
   4 2.315010556e+07 -9.846150611e+06 -8.600873913e+06 
   7 2.008177602e+07 -2.839426706e+07 -2.175212508e+07 
   9 2.284830364e+07 -1.172757004e+07 -1.093497470e+07 
  11 2.250765955e+07 -1.717088949e+07 -1.290500733e+07 
  27 2.268375598e+07 -1.390653397e+07 -1.112117313e+07 
  28 2.338079667e+07 -8.600758906e+06 -6.988380384e+06 
  30 2.154297866e+07 -2.124448335e+07 -1.630797358e+07 
  19 2.069048618e+07 -2.451697954e+07 -1.927058211e+07 
**************** 
Time = 66540.0 sec 
   4 2.313367873e+07 -9.932472881e+06 -8.668137840e+06 
   7 2.007760559e+07 -2.841618186e+07 -2.176920154e+07 
   9 2.286649394e+07 -1.163197760e+07 -1.086048723e+07 
  11 2.249026305e+07 -1.726231070e+07 -1.297624452e+07 
  27 2.270094612e+07 -1.381619973e+07 -1.105078287e+07 
  28 2.336899173e+07 -8.662795636e+06 -7.036720592e+06 
  30 2.152937959e+07 -2.131594857e+07 -1.636366073e+07 
  19 2.069828674e+07 -2.447598700e+07 -1.923863988e+07 
**************** 
Time = 66570.0 sec 
   4 2.311730144e+07 -1.001853715e+07 -8.735200739e+06 
   7 2.007352153e+07 -2.843764627e+07 -2.178592704e+07 
   9 2.288472895e+07 -1.153615507e+07 -1.078582045e+07 
  11 2.247292105e+07 -1.735344397e+07 -1.304725733e+07 
  27 2.271818600e+07 -1.372560149e+07 -1.098018690e+07 
  28 2.335720937e+07 -8.724710289e+06 -7.084965659e+06 
  30 2.151582995e+07 -2.138715100e+07 -1.641914310e+07 
  19 2.070619646e+07 -2.443442096e+07 -1.920625077e+07 
**************** 
Time = 66600.0 sec 
   4 2.310097301e+07 -1.010433997e+07 -8.802059913e+06 
   7 2.006952293e+07 -2.845865841e+07 -2.180230012e+07 
   9 2.290300655e+07 -1.144010528e+07 -1.071097659e+07 
  11 2.245563395e+07 -1.744428594e+07 -1.311804316e+07 
  27 2.273547673e+07 -1.363474159e+07 -1.090938704e+07 
  28 2.334545035e+07 -8.786502939e+06 -7.133115654e+06 
  30 2.150233104e+07 -2.145808830e+07 -1.647441889e+07 
  19 2.071421520e+07 -2.439228302e+07 -1.917341601e+07 
**************** 
Time = 66630.0 sec 
   4 2.308469595e+07 -1.018987863e+07 -8.868713231e+06 
   7 2.006561050e+07 -2.847921730e+07 -2.181832004e+07 
   9 2.292132702e+07 -1.134383204e+07 -1.063595862e+07 
  11 2.243840301e+07 -1.753483414e+07 -1.318860008e+07 
  27 2.275281552e+07 -1.354362343e+07 -1.083838593e+07 
  28 2.333371545e+07 -8.848174581e+06 -7.181171398e+06 
  30 2.148888255e+07 -2.152875919e+07 -1.652948707e+07 
  19 2.072234188e+07 -2.434957621e+07 -1.914013798e+07 
**************** 
Time = 66660.0 sec 
   4 2.306846880e+07 -1.027514897e+07 -8.935157483e+06 
   7 2.006178516e+07 -2.849932101e+07 -2.183398525e+07 
   9 2.293968929e+07 -1.124733759e+07 -1.056076827e+07 
  11 2.242122929e+07 -1.762508488e+07 -1.325892520e+07 
  27 2.277020365e+07 -1.345224873e+07 -1.076718492e+07 
  28 2.332200262e+07 -8.909724497e+06 -7.229132264e+06 
  30 2.147548598e+07 -2.159916070e+07 -1.658434534e+07 
  19 2.073057682e+07 -2.430630166e+07 -1.910641755e+07 
**************** 
Time = 66690.0 sec 
   4 2.305229395e+07 -1.036014730e+07 -9.001389767e+06 
   7 2.005804675e+07 -2.851896721e+07 -2.184929399e+07 
   9 2.295809345e+07 -1.115062434e+07 -1.048540743e+07 
  11 2.240411195e+07 -1.771503456e+07 -1.332901574e+07 
  27 2.278764046e+07 -1.336061959e+07 -1.069578566e+07 
  28 2.331031302e+07 -8.971152386e+06 -7.276998037e+06 
  30 2.146214040e+07 -2.166929020e+07 -1.663899166e+07 
  19 2.073891933e+07 -2.426246093e+07 -1.907225594e+07 
**************** 
Time = 66720.0 sec 
   4 2.303617209e+07 -1.044487005e+07 -9.067407323e+06 
   7 2.005439573e+07 -2.853815410e+07 -2.186424481e+07 
   9 2.297653856e+07 -1.105369536e+07 -1.040987850e+07 
  11 2.238705277e+07 -1.780467996e+07 -1.339886918e+07 
  27 2.280512479e+07 -1.326873850e+07 -1.062419007e+07 
  28 2.329864652e+07 -9.032458520e+06 -7.324768953e+06 
  30 2.144884727e+07 -2.173914555e+07 -1.669342435e+07 
  19 2.074736925e+07 -2.421805618e+07 -1.903765484e+07 
**************** 
Time = 66750.0 sec 
   4 2.302010276e+07 -1.052931506e+07 -9.133208451e+06 
   7 2.005083196e+07 -2.855688132e+07 -2.187883744e+07 
   9 2.299502301e+07 -1.095655466e+07 -1.033418458e+07 
  11 2.237005191e+07 -1.789401889e+07 -1.346848380e+07 
  27 2.282265688e+07 -1.317660899e+07 -1.055240091e+07 
  28 2.328700329e+07 -9.093644016e+06 -7.372445867e+06 
  30 2.143560679e+07 -2.180872561e+07 -1.674764253e+07 
  19 2.075592588e+07 -2.417309084e+07 -1.900261692e+07 
**************** 
Time = 66780.0 sec 
   4 2.300408623e+07 -1.061347903e+07 -9.198790611e+06 
   7 2.004735596e+07 -2.857514718e+07 -2.189307058e+07 
   9 2.301354848e+07 -1.085920537e+07 -1.025832814e+07 
  11 2.235311034e+07 -1.798304868e+07 -1.353785754e+07 
  27 2.284023523e+07 -1.308423376e+07 -1.048042026e+07 
  28 2.327538272e+07 -9.154709079e+06 -7.420028907e+06 
  30 2.142241905e+07 -2.187802836e+07 -1.680164462e+07 
  19 2.076458898e+07 -2.412756630e+07 -1.896714327e+07 
**************** 
Time = 66810.0 sec 
   4 2.298812447e+07 -1.069735843e+07 -9.264151035e+06 
   7 2.004396846e+07 -2.859295001e+07 -2.190694291e+07 
   9 2.303211322e+07 -1.076165028e+07 -1.018231135e+07 
  11 2.233622784e+07 -1.807176596e+07 -1.360698774e+07 
  27 2.285786014e+07 -1.299161507e+07 -1.040824992e+07 
  28 2.326378595e+07 -9.215653812e+06 -7.467518193e+06 
  30 2.140928421e+07 -2.194705141e+07 -1.685542878e+07 
  19 2.077335784e+07 -2.408148473e+07 -1.893123555e+07 
**************** 
Time = 66840.0 sec 
   4 2.297221780e+07 -1.078094952e+07 -9.329286777e+06 
   7 2.004066845e+07 -2.861028802e+07 -2.192045305e+07 
   9 2.305071584e+07 -1.066389204e+07 -1.010613625e+07 
  11 2.231940587e+07 -1.816016723e+07 -1.367587171e+07 
  27 2.287553037e+07 -1.289875520e+07 -1.033589164e+07 
  28 2.325221082e+07 -9.276477715e+06 -7.514913330e+06 
  30 2.139620330e+07 -2.201579231e+07 -1.690899308e+07 
  19 2.078223252e+07 -2.403484830e+07 -1.889489548e+07 
**************** 
Time = 66870.0 sec 
   4 2.295636680e+07 -1.086424788e+07 -9.394194435e+06 
   7 2.003745833e+07 -2.862715817e+07 -2.193359862e+07 
   9 2.306935702e+07 -1.056593238e+07 -1.002980418e+07 
  11 2.230264418e+07 -1.824824803e+07 -1.374450596e+07 
  27 2.289324649e+07 -1.280565529e+07 -1.026334632e+07 
  28 2.324065905e+07 -9.337180112e+06 -7.562213785e+06 
  30 2.138317633e+07 -2.208424756e+07 -1.696233478e+07 
  19 2.079121251e+07 -2.398765788e+07 -1.885812373e+07 
**************** 
Time = 66900.0 sec 
   4 2.294057074e+07 -1.094725346e+07 -9.458873968e+06 
   7 2.003433704e+07 -2.864356255e+07 -2.194638125e+07 
   9 2.308803572e+07 -1.046777788e+07 -9.953320325e+06 
  11 2.228594412e+07 -1.833600901e+07 -1.381289100e+07 
  27 2.291100845e+07 -1.271232150e+07 -1.019061877e+07 
  28 2.322913062e+07 -9.397764739e+06 -7.609422468e+06 
  30 2.137020434e+07 -2.215241857e+07 -1.701545501e+07 
  19 2.080029708e+07 -2.393991917e+07 -1.882092474e+07 
**************** 
Time = 66930.0 sec 
   4 2.292483269e+07 -1.102996105e+07 -9.523321338e+06 
   7 2.003130480e+07 -2.865949748e+07 -2.195879807e+07 
   9 2.310675051e+07 -1.036942945e+07 -9.876685342e+06 
  11 2.226930527e+07 -1.842344482e+07 -1.388102266e+07 
  27 2.292881314e+07 -1.261875414e+07 -1.011770920e+07 
  28 2.321762447e+07 -9.458229411e+06 -7.656537692e+06 
  30 2.135728669e+07 -2.222030102e+07 -1.706835039e+07 
  19 2.080948555e+07 -2.389163203e+07 -1.878329841e+07 
**************** 
Time = 66960.0 sec 
   4 2.290915015e+07 -1.111236707e+07 -9.587533703e+06 
   7 2.002836191e+07 -2.867496146e+07 -2.197084791e+07 
   9 2.312550200e+07 -1.027088998e+07 -9.799901509e+06 
  11 2.225272946e+07 -1.851055238e+07 -1.394889852e+07 
  27 2.294666185e+07 -1.252495566e+07 -1.004461954e+07 
  28 2.320614128e+07 -9.518574298e+06 -7.703559577e+06 
  30 2.134442403e+07 -2.228789277e+07 -1.712101924e+07 
  19 2.081877842e+07 -2.384279879e+07 -1.874524654e+07 
**************** 
Time = 66990.0 sec 
   4 2.289352646e+07 -1.119447169e+07 -9.651511221e+06 
   7 2.002550865e+07 -2.868995600e+07 -2.198253197e+07 
   9 2.314428868e+07 -1.017216573e+07 -9.722973682e+06 
  11 2.223621572e+07 -1.859733187e+07 -1.401651876e+07 
  27 2.296455475e+07 -1.243093181e+07 -9.971354262e+06 
  28 2.319467993e+07 -9.578802858e+06 -7.750490803e+06 
  30 2.133161677e+07 -2.235519480e+07 -1.717346234e+07 
  19 2.082817386e+07 -2.379342458e+07 -1.870677314e+07 
**************** 
Time = 67020.0 sec 
   4 2.287796114e+07 -1.127626645e+07 -9.715247303e+06 
   7 2.002274554e+07 -2.870447511e+07 -2.199384555e+07 
   9 2.316311105e+07 -1.007325480e+07 -9.645900383e+06 
  11 2.221976596e+07 -1.868377531e+07 -1.408387716e+07 
  27 2.298248933e+07 -1.233668024e+07 -9.897911540e+06 
  28 2.318324137e+07 -9.638910308e+06 -7.797327676e+06 
  30 2.131886601e+07 -2.242220012e+07 -1.722567425e+07 
  19 2.083767303e+07 -2.374350711e+07 -1.866787641e+07 
**************** 
Time = 67050.0 sec 
   4 2.286245590e+07 -1.135774927e+07 -9.778740304e+06 
   7 2.002007332e+07 -2.871851831e+07 -2.200478830e+07 
   9 2.318196773e+07 -9.974161469e+06 -9.568684973e+06 
  11 2.220338061e+07 -1.876988108e+07 -1.415097241e+07 
  27 2.300046808e+07 -1.224220460e+07 -9.824294218e+06 
  28 2.317182638e+07 -9.698898133e+06 -7.844071340e+06 
  30 2.130617232e+07 -2.248890771e+07 -1.727765415e+07 
  19 2.084727502e+07 -2.369304975e+07 -1.862855899e+07 
**************** 
Time = 67080.0 sec 
   4 2.284700928e+07 -1.143891723e+07 -9.841987959e+06 
   7 2.001749169e+07 -2.873208404e+07 -2.201535899e+07 
   9 2.320085928e+07 -9.874888964e+06 -9.491329926e+06 
  11 2.218705946e+07 -1.885564621e+07 -1.421780225e+07 
  27 2.301848859e+07 -1.214750774e+07 -9.750504513e+06 
  28 2.316043386e+07 -9.758766628e+06 -7.890722000e+06 
  30 2.129353475e+07 -2.255531568e+07 -1.732940058e+07 
  19 2.085697866e+07 -2.364205502e+07 -1.858882285e+07 
**************** 
Time = 67110.0 sec 
   4 2.283162412e+07 -1.151976789e+07 -9.904988362e+06 
   7 2.001500114e+07 -2.874517217e+07 -2.202555753e+07 
   9 2.321978375e+07 -9.775441217e+06 -9.413838339e+06 
  11 2.217080413e+07 -1.894106864e+07 -1.428436505e+07 
  27 2.303655004e+07 -1.205259300e+07 -9.676545038e+06 
  28 2.314906320e+07 -9.818516994e+06 -7.937280639e+06 
  30 2.128095500e+07 -2.262142287e+07 -1.738091264e+07 
  19 2.086678476e+07 -2.359052608e+07 -1.854867043e+07 
**************** 
Time = 67140.0 sec 
   4 2.281629965e+07 -1.160029858e+07 -9.967739406e+06 
   7 2.001260155e+07 -2.875778195e+07 -2.203538335e+07 
   9 2.323874015e+07 -9.675821889e+06 -9.336213046e+06 
  11 2.215461433e+07 -1.902614590e+07 -1.435065888e+07 
  27 2.305465276e+07 -1.195746349e+07 -9.602418223e+06 
  28 2.313771519e+07 -9.878150124e+06 -7.983747919e+06 
  30 2.126843338e+07 -2.268722762e+07 -1.743218905e+07 
  19 2.087669124e+07 -2.353846636e+07 -1.850810442e+07 
**************** 
Time = 67170.0 sec 
   4 2.280103702e+07 -1.168050545e+07 -1.003023813e+07 
   7 2.001029354e+07 -2.876991144e+07 -2.204483487e+07 
   9 2.325772959e+07 -9.576033469e+06 -9.258456006e+06 
  11 2.213849096e+07 -1.911087452e+07 -1.441668106e+07 
  27 2.307279564e+07 -1.186212114e+07 -9.528125561e+06 
  28 2.312638975e+07 -9.937665494e+06 -8.030123419e+06 
  30 2.125596901e+07 -2.275272726e+07 -1.748322768e+07 
  19 2.088669855e+07 -2.348587680e+07 -1.846712555e+07 
**************** 
Time = 67200.0 sec 
   4 2.278583613e+07 -1.176038527e+07 -1.009248201e+07 
   7 2.000807723e+07 -2.878155903e+07 -2.205391092e+07 
   9 2.327675060e+07 -9.476078904e+06 -9.180569486e+06 
  11 2.212243441e+07 -1.919525146e+07 -1.448242918e+07 
  27 2.309097857e+07 -1.176656853e+07 -9.453669023e+06 
  28 2.311508722e+07 -9.997063450e+06 -8.076407446e+06 
  30 2.124356324e+07 -2.281791964e+07 -1.753402691e+07 
  19 2.089680614e+07 -2.343276024e+07 -1.842573602e+07 
**************** 
Time = 67230.0 sec 
   4 2.277069789e+07 -1.183993442e+07 -1.015446820e+07 
   7 2.000595262e+07 -2.879272317e+07 -2.206261024e+07 
   9 2.329580283e+07 -9.375961090e+06 -9.102555783e+06 
  11 2.210644594e+07 -1.927927340e+07 -1.454790071e+07 
  27 2.310920141e+07 -1.167080779e+07 -9.379050338e+06 
  28 2.310380651e+07 -1.005634400e+07 -8.122600001e+06 
  30 2.123121616e+07 -2.288280234e+07 -1.758458482e+07 
  19 2.090701382e+07 -2.337911874e+07 -1.838393746e+07 
**************** 
Time = 67260.0 sec 
   4 2.275562488e+07 -1.191914538e+07 -1.021619086e+07 
   7 2.000392130e+07 -2.880339786e+07 -2.207092818e+07 
   9 2.331488523e+07 -9.275678476e+06 -9.024413663e+06 
  11 2.209052524e+07 -1.936293284e+07 -1.461308976e+07 
  27 2.312746445e+07 -1.157483702e+07 -9.304267961e+06 
  28 2.309254814e+07 -1.011550250e+07 -8.168697411e+06 
  30 2.121892965e+07 -2.294736873e+07 -1.763489626e+07 
  19 2.091732191e+07 -2.332494989e+07 -1.834172797e+07 
**************** 
Time = 67290.0 sec 
   4 2.274061468e+07 -1.199802066e+07 -1.027765197e+07 
   7 2.000198223e+07 -2.881358765e+07 -2.207886827e+07 
   9 2.333399838e+07 -9.175240000e+06 -8.946150073e+06 
  11 2.207467400e+07 -1.944623275e+07 -1.467799868e+07 
  27 2.314576591e+07 -1.147866451e+07 -9.229328425e+06 
  28 2.308131364e+07 -1.017454534e+07 -8.214704740e+06 
  30 2.120670277e+07 -2.301162257e+07 -1.768496414e+07 
  19 2.092772837e+07 -2.327026256e+07 -1.829911448e+07 
**************** 
Time = 67320.0 sec 
   4 2.272566953e+07 -1.207655894e+07 -1.033885045e+07 
   7 2.000013544e+07 -2.882329334e+07 -2.208643114e+07 
   9 2.335314004e+07 -9.074650490e+06 -8.867768799e+06 
  11 2.205889112e+07 -1.952917227e+07 -1.474262675e+07 
  27 2.316410380e+07 -1.138229456e+07 -9.154235031e+06 
  28 2.307009923e+07 -1.023347434e+07 -8.260623356e+06 
  30 2.119453486e+07 -2.307556347e+07 -1.773478819e+07 
  19 2.093823284e+07 -2.321506040e+07 -1.825609982e+07 
**************** 
Time = 67350.0 sec 
   4 2.271078959e+07 -1.215475334e+07 -1.039978098e+07 
   7 1.999838154e+07 -2.883250984e+07 -2.209361284e+07 
   9 2.337231105e+07 -8.973909563e+06 -8.789269558e+06 
  11 2.204317798e+07 -1.961174470e+07 -1.480696881e+07 
  27 2.318247993e+07 -1.128572622e+07 -9.078987042e+06 
  28 2.305890759e+07 -1.029228631e+07 -8.306450776e+06 
  30 2.118242802e+07 -2.313918580e+07 -1.778436398e+07 
  19 2.094883559e+07 -2.315934275e+07 -1.821268349e+07 
**************** 
Time = 67380.0 sec 
   4 2.269597540e+07 -1.223260162e+07 -1.046044181e+07 
   7 1.999672096e+07 -2.884123690e+07 -2.210041314e+07 
   9 2.339150909e+07 -8.873021054e+06 -8.710655289e+06 
  11 2.202753501e+07 -1.969394777e+07 -1.487102305e+07 
  27 2.320089567e+07 -1.118896275e+07 -9.003587013e+06 
  28 2.304773784e+07 -1.035098250e+07 -8.352187968e+06 
  30 2.117038219e+07 -2.320248828e+07 -1.783369057e+07 
  19 2.095953567e+07 -2.310311270e+07 -1.816886788e+07 
**************** 
Time = 67410.0 sec 
   4 2.268122859e+07 -1.231009977e+07 -1.052082980e+07 
   7 1.999515346e+07 -2.884947230e+07 -2.210683031e+07 
   9 2.341073584e+07 -8.771987171e+06 -8.631927764e+06 
  11 2.201196302e+07 -1.977577799e+07 -1.493478678e+07 
  27 2.321934439e+07 -1.109200588e+07 -8.928036278e+06 
  28 2.303659039e+07 -1.040956216e+07 -8.397834379e+06 
  30 2.115839741e+07 -2.326546801e+07 -1.788276565e+07 
  19 2.097033325e+07 -2.304637191e+07 -1.812465430e+07 
**************** 
Time = 67440.0 sec 
   4 2.266654761e+07 -1.238724830e+07 -1.058094538e+07 
   7 1.999367951e+07 -2.885721849e+07 -2.211286630e+07 
   9 2.342998790e+07 -8.670814856e+06 -8.553092349e+06 
  11 2.199646231e+07 -1.985723642e+07 -1.499826079e+07 
  27 2.323782912e+07 -1.099486185e+07 -8.852339698e+06 
  28 2.302546457e+07 -1.046802941e+07 -8.443393196e+06 
  30 2.114647384e+07 -2.332812666e+07 -1.793159054e+07 
  19 2.098122616e+07 -2.298912709e+07 -1.808004797e+07 
**************** 
Time = 67470.0 sec 
   4 2.265193438e+07 -1.246403743e+07 -1.064078091e+07 
   7 1.999230009e+07 -2.886446744e+07 -2.211851482e+07 
   9 2.344926849e+07 -8.569500249e+06 -8.474146087e+06 
  11 2.198103398e+07 -1.993831300e+07 -1.506143727e+07 
  27 2.325635295e+07 -1.089752628e+07 -8.776493891e+06 
  28 2.301436136e+07 -1.052637752e+07 -8.488859177e+06 
  30 2.113461323e+07 -2.339045520e+07 -1.798015820e+07 
  19 2.099221694e+07 -2.293137334e+07 -1.803504507e+07 
**************** 
Time = 67500.0 sec 
   4 2.263738994e+07 -1.254047070e+07 -1.070033913e+07 
   7 1.999101404e+07 -2.887122488e+07 -2.212378036e+07 
   9 2.346857308e+07 -8.468053244e+06 -8.395096654e+06 
  11 2.196567734e+07 -2.001901163e+07 -1.512431924e+07 
  27 2.327490954e+07 -1.080000859e+07 -8.700506163e+06 
  28 2.300327867e+07 -1.058461377e+07 -8.534237983e+06 
  30 2.112281441e+07 -2.345245835e+07 -1.802847234e+07 
  19 2.100330238e+07 -2.287312008e+07 -1.798965295e+07 
**************** 
Time = 67530.0 sec 
   4 2.262291427e+07 -1.261653818e+07 -1.075961234e+07 
   7 1.998982331e+07 -2.887748285e+07 -2.212865670e+07 
   9 2.348790341e+07 -8.366470169e+06 -8.315941195e+06 
  11 2.195039447e+07 -2.009932295e+07 -1.518689940e+07 
  27 2.329350217e+07 -1.070230440e+07 -8.624373112e+06 
  28 2.299221948e+07 -1.064273163e+07 -8.579524548e+06 
  30 2.111107902e+07 -2.351412732e+07 -1.807652605e+07 
  19 2.101448358e+07 -2.281436350e+07 -1.794386863e+07 
**************** 
Time = 67560.0 sec 
   4 2.260850873e+07 -1.269223951e+07 -1.081860026e+07 
   7 1.998872749e+07 -2.888324301e+07 -2.213314513e+07 
   9 2.350725911e+07 -8.264756807e+06 -8.236684211e+06 
  11 2.193518565e+07 -2.017924669e+07 -1.524917757e+07 
  27 2.331213020e+07 -1.060441895e+07 -8.548098812e+06 
  28 2.298118187e+07 -1.070073382e+07 -8.624720993e+06 
  30 2.109940713e+07 -2.357546263e+07 -1.812431978e+07 
  19 2.102575880e+07 -2.275510859e+07 -1.789769599e+07 
**************** 
Time = 67590.0 sec 
   4 2.259417361e+07 -1.276756957e+07 -1.087729889e+07 
   7 1.998772641e+07 -2.888850181e+07 -2.213724291e+07 
   9 2.352663930e+07 -8.162914067e+06 -8.157326397e+06 
  11 2.192005137e+07 -2.025877784e+07 -1.531114982e+07 
  27 2.333079048e+07 -1.050635254e+07 -8.471683500e+06 
  28 2.297016730e+07 -1.075861857e+07 -8.669825926e+06 
  30 2.108779991e+07 -2.363646011e+07 -1.817185027e+07 
  19 2.103712994e+07 -2.269535558e+07 -1.785113523e+07 
**************** 
Time = 67620.0 sec 
   4 2.257990895e+07 -1.284253089e+07 -1.093571020e+07 
   7 1.998682009e+07 -2.889326390e+07 -2.214095363e+07 
   9 2.354604272e+07 -8.060950825e+06 -8.077874707e+06 
  11 2.190499079e+07 -2.033791934e+07 -1.537281844e+07 
  27 2.334948479e+07 -1.040811348e+07 -8.395133647e+06 
  28 2.295917366e+07 -1.081639180e+07 -8.714843959e+06 
  30 2.107625577e+07 -2.369712348e+07 -1.821912040e+07 
  19 2.104859361e+07 -2.263511350e+07 -1.780419338e+07 
**************** 
Time = 67650.0 sec 
   4 2.256571583e+07 -1.291711656e+07 -1.099382879e+07 
   7 1.998600957e+07 -2.889752450e+07 -2.214427358e+07 
   9 2.356546829e+07 -7.958866327e+06 -7.998328510e+06 
  11 2.189000605e+07 -2.041666451e+07 -1.543417823e+07 
  27 2.336821271e+07 -1.030970045e+07 -8.318448261e+06 
  28 2.294820136e+07 -1.087405016e+07 -8.759772478e+06 
  30 2.106477673e+07 -2.375744677e+07 -1.826612553e+07 
  19 2.106015083e+07 -2.257438033e+07 -1.775686885e+07 
**************** 
Time = 67680.0 sec 
   4 2.255159473e+07 -1.299132444e+07 -1.105165302e+07 
   7 1.998529432e+07 -2.890128335e+07 -2.214720253e+07 
   9 2.358491683e+07 -7.856664776e+06 -7.918691122e+06 
  11 2.187509711e+07 -2.049501170e+07 -1.549522791e+07 
  27 2.338697312e+07 -1.021111694e+07 -8.241629999e+06 
  28 2.293725041e+07 -1.093159507e+07 -8.804612601e+06 
  30 2.105336241e+07 -2.381742901e+07 -1.831286492e+07 
  19 2.107180070e+07 -2.251315991e+07 -1.770916464e+07 
**************** 
Time = 67710.0 sec 
   4 2.253754500e+07 -1.306515404e+07 -1.110918248e+07 
   7 1.998467412e+07 -2.890454243e+07 -2.214974207e+07 
   9 2.360438625e+07 -7.754351706e+06 -7.838966834e+06 
  11 2.186026398e+07 -2.057296058e+07 -1.555596721e+07 
  27 2.340576345e+07 -1.011236794e+07 -8.164682799e+06 
  28 2.292632172e+07 -1.098902891e+07 -8.849366177e+06 
  30 2.104201301e+07 -2.387707059e+07 -1.835933884e+07 
  19 2.108354237e+07 -2.245145767e+07 -1.766108500e+07 
**************** 
Time = 67740.0 sec 
   4 2.252356996e+07 -1.313859232e+07 -1.116640704e+07 
   7 1.998415098e+07 -2.890729006e+07 -2.215188308e+07 
   9 2.362387901e+07 -7.651920003e+06 -7.759150099e+06 
  11 2.184550866e+07 -2.065049821e+07 -1.561638606e+07 
  27 2.342458781e+07 -1.001344578e+07 -8.087600662e+06 
  28 2.291541424e+07 -1.104634207e+07 -8.894025696e+06 
  30 2.103073079e+07 -2.393635929e+07 -1.840553780e+07 
  19 2.109537695e+07 -2.238926609e+07 -1.761262406e+07 
**************** 
Time = 67770.0 sec 
   4 2.250966934e+07 -1.321164076e+07 -1.122332786e+07 
   7 1.998372506e+07 -2.890952995e+07 -2.215362844e+07 
   9 2.364339241e+07 -7.549377400e+06 -7.679246960e+06 
  11 2.183083198e+07 -2.072762638e+07 -1.567648586e+07 
  27 2.344344424e+07 -9.914357491e+06 -8.010389079e+06 
  28 2.290453019e+07 -1.110353929e+07 -8.938594878e+06 
  30 2.101951535e+07 -2.399529760e+07 -1.845146373e+07 
  19 2.110730338e+07 -2.232659226e+07 -1.756378732e+07 
**************** 
Time = 67800.0 sec 
   4 2.249584148e+07 -1.328430828e+07 -1.127995184e+07 
   7 1.998339344e+07 -2.891127294e+07 -2.215498661e+07 
   9 2.366292335e+07 -7.446738874e+06 -7.599269056e+06 
  11 2.181623078e+07 -2.080435438e+07 -1.573627382e+07 
  27 2.346232866e+07 -9.815117475e+06 -7.933059298e+06 
  28 2.289366627e+07 -1.116063277e+07 -8.983083229e+06 
  30 2.100836427e+07 -2.405389548e+07 -1.849712438e+07 
  19 2.111931877e+07 -2.226345078e+07 -1.751458619e+07 
**************** 
Time = 67830.0 sec 
   4 2.248208939e+07 -1.335657393e+07 -1.133626269e+07 
   7 1.998315962e+07 -2.891250027e+07 -2.215594298e+07 
   9 2.368247659e+07 -7.343989638e+06 -7.519204895e+06 
  11 2.180170980e+07 -2.088066157e+07 -1.579573389e+07 
  27 2.348124484e+07 -9.715710404e+06 -7.855599310e+06 
  28 2.288282444e+07 -1.121760523e+07 -9.027477267e+06 
  30 2.099728193e+07 -2.411213297e+07 -1.854250422e+07 
  19 2.113142600e+07 -2.219982662e+07 -1.746500894e+07 
**************** 
Time = 67860.0 sec 
   4 2.246841231e+07 -1.342844671e+07 -1.139226739e+07 
   7 1.998302220e+07 -2.891322302e+07 -2.215650616e+07 
   9 2.370204708e+07 -7.241144961e+06 -7.439066371e+06 
  11 2.178726753e+07 -2.095655730e+07 -1.585487334e+07 
  27 2.350019123e+07 -9.616150764e+06 -7.778020436e+06 
  28 2.287200411e+07 -1.127446883e+07 -9.071786490e+06 
  30 2.098626638e+07 -2.417002015e+07 -1.858761110e+07 
  19 2.114362209e+07 -2.213573453e+07 -1.741506707e+07 
**************** 
Time = 67890.0 sec 
   4 2.245481194e+07 -1.349991960e+07 -1.144796051e+07 
   7 1.998298164e+07 -2.891343612e+07 -2.215667222e+07 
   9 2.372163626e+07 -7.138203613e+06 -7.358852510e+06 
  11 2.177290449e+07 -2.103203472e+07 -1.591368682e+07 
  27 2.351916593e+07 -9.516436867e+06 -7.700321369e+06 
  28 2.286120452e+07 -1.133121972e+07 -9.116007879e+06 
  30 2.097531866e+07 -2.422755080e+07 -1.863244014e+07 
  19 2.115590827e+07 -2.207117313e+07 -1.736475951e+07 
**************** 
Time = 67920.0 sec 
   4 2.244128745e+07 -1.357098952e+07 -1.150333962e+07 
   7 1.998303837e+07 -2.891313825e+07 -2.215644010e+07 
   9 2.374124312e+07 -7.035168557e+06 -7.278565664e+06 
  11 2.175862209e+07 -2.110709086e+07 -1.597217205e+07 
  27 2.353817033e+07 -9.416570871e+06 -7.622503775e+06 
  28 2.285042591e+07 -1.138785805e+07 -9.160141573e+06 
  30 2.096443945e+07 -2.428472263e+07 -1.867698960e+07 
  19 2.116828255e+07 -2.200614475e+07 -1.731408806e+07 
**************** 
Time = 67950.0 sec 
   4 2.242783922e+07 -1.364165966e+07 -1.155840719e+07 
   7 1.998319138e+07 -2.891233495e+07 -2.215581416e+07 
   9 2.376086615e+07 -6.932049285e+06 -7.198213168e+06 
  11 2.174441884e+07 -2.118172951e+07 -1.603033196e+07 
  27 2.355720153e+07 -9.316561675e+06 -7.544574623e+06 
  28 2.283966762e+07 -1.144439047e+07 -9.204192729e+06 
  30 2.095362716e+07 -2.434154002e+07 -1.872126286e+07 
  19 2.118074380e+07 -2.194065857e+07 -1.726305987e+07 
**************** 
Time = 67980.0 sec 
   4 2.241446927e+07 -1.371191863e+07 -1.161315435e+07 
   7 1.998344188e+07 -2.891101706e+07 -2.215478723e+07 
   9 2.378050684e+07 -6.828840360e+06 -7.117790820e+06 
  11 2.173029687e+07 -2.125593966e+07 -1.608815798e+07 
  27 2.357626059e+07 -9.216403250e+06 -7.466529148e+06 
  28 2.282893245e+07 -1.150080853e+07 -9.248154781e+06 
  30 2.094288499e+07 -2.439799248e+07 -1.876525176e+07 
  19 2.119329364e+07 -2.187470866e+07 -1.721167034e+07 
**************** 
Time = 68010.0 sec 
   4 2.240117887e+07 -1.378176079e+07 -1.166757674e+07 
   7 1.998379145e+07 -2.890918055e+07 -2.215335619e+07 
   9 2.380016405e+07 -6.725541882e+06 -7.037298700e+06 
  11 2.171625790e+07 -2.132971566e+07 -1.614564569e+07 
  27 2.359534837e+07 -9.116095106e+06 -7.388367044e+06 
  28 2.281821877e+07 -1.155710982e+07 -9.292025857e+06 
  30 2.093221236e+07 -2.445407508e+07 -1.880895247e+07 
  19 2.120593201e+07 -2.180829505e+07 -1.715991948e+07 
**************** 
Time = 68040.0 sec 
   4 2.238796726e+07 -1.385118782e+07 -1.172167564e+07 
   7 1.998423884e+07 -2.890682943e+07 -2.215152414e+07 
   9 2.381983662e+07 -6.622161949e+06 -6.956743107e+06 
  11 2.170230072e+07 -2.140305941e+07 -1.620279658e+07 
  27 2.361446491e+07 -9.015644573e+06 -7.310093972e+06 
  28 2.280752571e+07 -1.161329945e+07 -9.335809920e+06 
  30 2.092161003e+07 -2.450979065e+07 -1.885236717e+07 
  19 2.121865696e+07 -2.174142550e+07 -1.710781334e+07 
**************** 
Time = 68070.0 sec 
   4 2.237483467e+07 -1.392019688e+07 -1.177544883e+07 
   7 1.998478434e+07 -2.890396295e+07 -2.214929053e+07 
   9 2.383952445e+07 -6.518703523e+06 -6.876126368e+06 
  11 2.168842632e+07 -2.147596848e+07 -1.625960877e+07 
  27 2.363360425e+07 -8.915053960e+06 -7.231711765e+06 
  28 2.279685439e+07 -1.166937781e+07 -9.379507271e+06 
  30 2.091107834e+07 -2.456513710e+07 -1.889549424e+07 
  19 2.123146795e+07 -2.167410304e+07 -1.705535429e+07 
**************** 
Time = 68100.0 sec 
   4 2.236178350e+07 -1.398878433e+07 -1.182889348e+07 
   7 1.998542815e+07 -2.890057941e+07 -2.214665400e+07 
   9 2.385922678e+07 -6.415168952e+06 -6.795450297e+06 
  11 2.167463554e+07 -2.154843953e+07 -1.631607963e+07 
  27 2.365277412e+07 -8.814325074e+06 -7.153221800e+06 
  28 2.278620418e+07 -1.172534426e+07 -9.423117435e+06 
  30 2.090061665e+07 -2.462011170e+07 -1.893833157e+07 
  19 2.124436461e+07 -2.160632889e+07 -1.700254328e+07 
**************** 
Time = 68130.0 sec 
   4 2.234881245e+07 -1.405694770e+07 -1.188200768e+07 
   7 1.998617061e+07 -2.889667830e+07 -2.214361417e+07 
   9 2.387894234e+07 -6.311561698e+06 -6.714717586e+06 
  11 2.166092845e+07 -2.162047009e+07 -1.637220726e+07 
  27 2.367196763e+07 -8.713460642e+06 -7.074626226e+06 
  28 2.277557545e+07 -1.178119955e+07 -9.466640977e+06 
  30 2.089022631e+07 -2.467471285e+07 -1.898087789e+07 
  19 2.125734722e+07 -2.153810646e+07 -1.694938295e+07 
**************** 
Time = 68160.0 sec 
   4 2.233592218e+07 -1.412468543e+07 -1.193479022e+07 
   7 1.998701136e+07 -2.889226037e+07 -2.214017163e+07 
   9 2.389867103e+07 -6.207886165e+06 -6.633931668e+06 
  11 2.164730555e+07 -2.169205923e+07 -1.642799094e+07 
  27 2.369118706e+07 -8.612464348e+06 -6.995927903e+06 
  28 2.276496692e+07 -1.183694522e+07 -9.510079103e+06 
  30 2.087990761e+07 -2.472893993e+07 -1.902313275e+07 
  19 2.127041395e+07 -2.146944030e+07 -1.689587685e+07 
**************** 
Time = 68190.0 sec 
   4 2.232311373e+07 -1.419199217e+07 -1.198723690e+07 
   7 1.998795070e+07 -2.888732259e+07 -2.213632401e+07 
   9 2.391841324e+07 -6.104142856e+06 -6.553092956e+06 
  11 2.163376748e+07 -2.176320206e+07 -1.648342683e+07 
  27 2.371043119e+07 -8.511336243e+06 -6.917126852e+06 
  28 2.275437991e+07 -1.189257930e+07 -9.553430278e+06 
  30 2.086966022e+07 -2.478278842e+07 -1.906509258e+07 
  19 2.128356495e+07 -2.140033021e+07 -1.684202484e+07 
**************** 
Time = 68220.0 sec 
   4 2.231038928e+07 -1.425886280e+07 -1.203934376e+07 
   7 1.998898988e+07 -2.888186156e+07 -2.213206869e+07 
   9 2.393816835e+07 -6.000332588e+06 -6.472202059e+06 
  11 2.162031520e+07 -2.183389333e+07 -1.653851086e+07 
  27 2.372970010e+07 -8.410076250e+06 -6.838223045e+06 
  28 2.274381519e+07 -1.194809974e+07 -9.596692900e+06 
  30 2.085948612e+07 -2.483625398e+07 -1.910675404e+07 
  19 2.129680072e+07 -2.133077688e+07 -1.678782746e+07 
**************** 
Time = 68250.0 sec 
   4 2.229774516e+07 -1.432530550e+07 -1.209111716e+07 
   7 1.999012699e+07 -2.887588764e+07 -2.212741368e+07 
   9 2.395793295e+07 -5.896469501e+06 -6.391269998e+06 
  11 2.160694728e+07 -2.190414168e+07 -1.659324974e+07 
  27 2.374899134e+07 -8.308697929e+06 -6.759227016e+06 
  28 2.273326995e+07 -1.200351755e+07 -9.639875558e+06 
  30 2.084938321e+07 -2.488934571e+07 -1.914812418e+07 
  19 2.131011791e+07 -2.126079443e+07 -1.673329568e+07 
**************** 
Time = 68280.0 sec 
   4 2.228518522e+07 -1.439130540e+07 -1.214254552e+07 
   7 1.999136338e+07 -2.886938837e+07 -2.212234932e+07 
   9 2.397770920e+07 -5.792544652e+06 -6.310289816e+06 
  11 2.159366682e+07 -2.197393246e+07 -1.664763209e+07 
  27 2.376830877e+07 -8.207191760e+06 -6.680131382e+06 
  28 2.272274596e+07 -1.205882126e+07 -9.682969317e+06 
  30 2.083935403e+07 -2.494204965e+07 -1.918919218e+07 
  19 2.132351870e+07 -2.119037346e+07 -1.667842221e+07 
**************** 
Time = 68310.0 sec 
   4 2.227271086e+07 -1.445686040e+07 -1.219362722e+07 
   7 1.999270063e+07 -2.886236332e+07 -2.211687523e+07 
   9 2.399749663e+07 -5.688561572e+06 -6.229264279e+06 
  11 2.158047341e+07 -2.204326380e+07 -1.670165643e+07 
  27 2.378764776e+07 -8.105560322e+06 -6.600938134e+06 
  28 2.271224338e+07 -1.211401167e+07 -9.725974784e+06 
  30 2.082939886e+07 -2.499436424e+07 -1.922995677e+07 
  19 2.133700187e+07 -2.111951736e+07 -1.662320969e+07 
**************** 
Time = 68340.0 sec 
   4 2.226032055e+07 -1.452197239e+07 -1.224436373e+07 
   7 1.999413654e+07 -2.885481660e+07 -2.211099468e+07 
   9 2.401729369e+07 -5.584528190e+06 -6.148199495e+06 
  11 2.156736687e+07 -2.211213788e+07 -1.675532448e+07 
  27 2.380701040e+07 -8.003811128e+06 -6.521653148e+06 
  28 2.270176115e+07 -1.216909396e+07 -9.768895989e+06 
  30 2.081951725e+07 -2.504629251e+07 -1.927042033e+07 
  19 2.135056733e+07 -2.104823398e+07 -1.656766421e+07 
**************** 
Time = 68370.0 sec 
   4 2.224801475e+07 -1.458663674e+07 -1.229475142e+07 
   7 1.999567255e+07 -2.884674576e+07 -2.210470572e+07 
   9 2.403709969e+07 -5.480445490e+06 -6.067096324e+06 
  11 2.155434846e+07 -2.218055024e+07 -1.680863274e+07 
  27 2.382639487e+07 -7.901944303e+06 -6.442276486e+06 
  28 2.269130048e+07 -1.222406629e+07 -9.811731517e+06 
  30 2.080970984e+07 -2.509783030e+07 -1.931057962e+07 
  19 2.136421301e+07 -2.097652381e+07 -1.651178617e+07 
**************** 
