Time = 64800.0 sec 
   4 2.413895138e+07 1.268510749e+08 9.884501456e+07 
   7 2.045373546e+07 1.074851755e+08 8.375469785e+07 
   9 2.190178630e+07 1.150946802e+08 8.968418847e+07 
  11 2.356411630e+07 1.238303546e+08 9.649120804e+07 
  27 2.180169946e+07 1.145688147e+08 8.927444562e+07 
  28 2.409907556e+07 1.266415233e+08 9.868172218e+07 
  30 2.239547630e+07 1.176890860e+08 9.170579537e+07 
  19 2.043428580e+07 1.073830436e+08 8.367514470e+07 
**************** 
Time = 64830.0 sec 
   4 2.412076488e+07 1.267555060e+08 9.877054556e+07 
   7 2.044519850e+07 1.074403137e+08 8.371974065e+07 
   9 2.191652336e+07 1.151721236e+08 8.974453389e+07 
  11 2.354456342e+07 1.237276043e+08 9.641114311e+07 
  27 2.181521020e+07 1.146398141e+08 8.932976977e+07 
  28 2.408590006e+07 1.265722863e+08 9.862777136e+07 
  30 2.237963460e+07 1.176058375e+08 9.164092641e+07 
  19 2.043536600e+07 1.073887202e+08 8.367956804e+07 
**************** 
Time = 64860.0 sec 
   4 2.410259186e+07 1.266600074e+08 9.869613141e+07 
   7 2.043672728e+07 1.073957975e+08 8.368505274e+07 
   9 2.193133562e+07 1.152499625e+08 8.980518748e+07 
  11 2.352503190e+07 1.236249666e+08 9.633116597e+07 
  27 2.182879914e+07 1.147112243e+08 8.938541408e+07 
  28 2.407274916e+07 1.265031787e+08 9.857392144e+07 
  30 2.236382148e+07 1.175227391e+08 9.157617450e+07 
  19 2.043657040e+07 1.073950494e+08 8.368449995e+07 
**************** 
Time = 64890.0 sec 
   4 2.408443330e+07 1.265645847e+08 9.862177630e+07 
   7 2.042832260e+07 1.073516310e+08 8.365063727e+07 
   9 2.194622302e+07 1.153281962e+08 8.986614874e+07 
  11 2.350552280e+07 1.235224464e+08 9.625128036e+07 
  27 2.184246616e+07 1.147830450e+08 8.944137818e+07 
  28 2.405962330e+07 1.264342027e+08 9.852017409e+07 
  30 2.234803764e+07 1.174397948e+08 9.151154263e+07 
  19 2.043789930e+07 1.074020328e+08 8.368994151e+07 
**************** 
Time = 64920.0 sec 
   4 2.406628916e+07 1.264692378e+08 9.854748032e+07 
   7 2.041998428e+07 1.073078128e+08 8.361649331e+07 
   9 2.196118450e+07 1.154068189e+08 8.992741311e+07 
  11 2.348603598e+07 1.234200436e+08 9.617148620e+07 
  27 2.185621020e+07 1.148552704e+08 8.949765768e+07 
  28 2.404652182e+07 1.263653550e+08 9.846652669e+07 
  30 2.233228286e+07 1.173570032e+08 9.144702974e+07 
  19 2.043935196e+07 1.074096665e+08 8.369588992e+07 
**************** 
Time = 64950.0 sec 
   4 2.404816130e+07 1.263739765e+08 9.847325107e+07 
   7 2.041171392e+07 1.072643519e+08 8.358262769e+07 
   9 2.197622078e+07 1.154858347e+08 8.998898378e+07 
  11 2.346657336e+07 1.233177683e+08 9.609179147e+07 
  27 2.187003210e+07 1.149279047e+08 8.955425583e+07 
  28 2.403344606e+07 1.262966423e+08 9.841298447e+07 
  30 2.231655876e+07 1.172743728e+08 9.138264250e+07 
  19 2.044092942e+07 1.074179561e+08 8.370234936e+07 
**************** 
Time = 64980.0 sec 
   4 2.403004884e+07 1.262787958e+08 9.839908450e+07 
   7 2.040351034e+07 1.072212419e+08 8.354903544e+07 
   9 2.199132970e+07 1.155652323e+08 9.005085193e+07 
  11 2.344713382e+07 1.232156145e+08 9.601219134e+07 
  27 2.188392972e+07 1.150009370e+08 8.961116404e+07 
  28 2.402039436e+07 1.262280559e+08 9.835954065e+07 
  30 2.230086406e+07 1.171918970e+08 9.131837568e+07 
  19 2.044263000e+07 1.074268928e+08 8.370931300e+07 
**************** 
Time = 65010.0 sec 
   4 2.401195338e+07 1.261837043e+08 9.832498753e+07 
   7 2.039537494e+07 1.071784900e+08 8.351572229e+07 
   9 2.200651180e+07 1.156450146e+08 9.011301984e+07 
  11 2.342771912e+07 1.231135911e+08 9.593269288e+07 
  27 2.189790366e+07 1.150743702e+08 8.966838471e+07 
  28 2.400736782e+07 1.261596016e+08 9.830619975e+07 
  30 2.228520020e+07 1.171095832e+08 9.125423510e+07 
  19 2.044445458e+07 1.074364811e+08 8.371678439e+07 
**************** 
Time = 65040.0 sec 
   4 2.399387510e+07 1.260887030e+08 9.825096083e+07 
   7 2.038730752e+07 1.071360955e+08 8.348268763e+07 
   9 2.202176618e+07 1.157251763e+08 9.017548349e+07 
  11 2.340832950e+07 1.230116992e+08 9.585329680e+07 
  27 2.191195296e+07 1.151481995e+08 8.972591401e+07 
  28 2.399436590e+07 1.260912769e+08 9.825295993e+07 
  30 2.226956706e+07 1.170274309e+08 9.119022033e+07 
  19 2.044640256e+07 1.074467178e+08 8.372476105e+07 
**************** 
Time = 65070.0 sec 
   4 2.397581494e+07 1.259937971e+08 9.817700838e+07 
   7 2.037930882e+07 1.070940621e+08 8.344993439e+07 
   9 2.203709254e+07 1.158057166e+08 9.023824207e+07 
  11 2.338896576e+07 1.229099431e+08 9.577400659e+07 
  27 2.192607744e+07 1.152224241e+08 8.978375129e+07 
  28 2.398138890e+07 1.260230834e+08 9.819982219e+07 
  30 2.225396532e+07 1.169454435e+08 9.112633409e+07 
  19 2.044847414e+07 1.074576038e+08 8.373324373e+07 
**************** 
Time = 65100.0 sec 
   4 2.395777302e+07 1.258989871e+08 9.810313070e+07 
   7 2.037137884e+07 1.070523898e+08 8.341746251e+07 
   9 2.205248994e+07 1.158866304e+08 9.030129168e+07 
  11 2.336962806e+07 1.228083237e+08 9.569482282e+07 
  27 2.194027624e+07 1.152970390e+08 8.984189277e+07 
  28 2.396843644e+07 1.259550184e+08 9.814678469e+07 
  30 2.223839490e+07 1.168636206e+08 9.106257608e+07 
  19 2.045066866e+07 1.074691362e+08 8.374223003e+07 
**************** 
Time = 65130.0 sec 
   4 2.393975058e+07 1.258042796e+08 9.802933286e+07 
   7 2.036351860e+07 1.070110841e+08 8.338527627e+07 
   9 2.206795842e+07 1.159679182e+08 9.036463269e+07 
  11 2.335031766e+07 1.227068471e+08 9.561575027e+07 
  27 2.195454946e+07 1.153720451e+08 8.990033903e+07 
  28 2.395550904e+07 1.258870853e+08 9.809384994e+07 
  30 2.222285680e+07 1.167819674e+08 9.099895028e+07 
  19 2.045298662e+07 1.074813173e+08 8.375172178e+07 
**************** 
Time = 65160.0 sec 
   4 2.392174770e+07 1.257096746e+08 9.795561490e+07 
   7 2.035572778e+07 1.069701432e+08 8.335337430e+07 
   9 2.208349700e+07 1.160495739e+08 9.042826045e+07 
  11 2.333103446e+07 1.226055135e+08 9.553678918e+07 
  27 2.196889598e+07 1.154474366e+08 8.995908557e+07 
  28 2.394260616e+07 1.258192808e+08 9.804101538e+07 
  30 2.220735068e+07 1.167004825e+08 9.093545558e+07 
  19 2.045542716e+07 1.074941426e+08 8.376171554e+07 
**************** 
Time = 65190.0 sec 
   4 2.390376520e+07 1.256151769e+08 9.788198051e+07 
   7 2.034800696e+07 1.069295702e+08 8.332175896e+07 
   9 2.209910536e+07 1.161315961e+08 9.049217374e+07 
  11 2.331177918e+07 1.225043269e+08 9.545794270e+07 
  27 2.198331556e+07 1.155232120e+08 9.001813134e+07 
  28 2.392972798e+07 1.257516062e+08 9.798828210e+07 
  30 2.219187716e+07 1.166191690e+08 9.087209446e+07 
  19 2.045799040e+07 1.075076127e+08 8.377221173e+07 
**************** 
Time = 65220.0 sec 
   4 2.388580394e+07 1.255207908e+08 9.780843310e+07 
   7 2.034035682e+07 1.068893685e+08 8.329043300e+07 
   9 2.211478310e+07 1.162139832e+08 9.055637138e+07 
  11 2.329255272e+07 1.224032917e+08 9.537921417e+07 
  27 2.199780794e+07 1.155993702e+08 9.007747531e+07 
  28 2.391687456e+07 1.256840624e+08 9.793565069e+07 
  30 2.217643688e+07 1.165380300e+08 9.080886930e+07 
  19 2.046067640e+07 1.075217278e+08 8.378321048e+07 
**************** 
Time = 65250.0 sec 
   4 2.386786412e+07 1.254265173e+08 9.773497342e+07 
   7 2.033277726e+07 1.068495378e+08 8.325939606e+07 
   9 2.213052924e+07 1.162967301e+08 9.062084936e+07 
  11 2.327335526e+07 1.223024088e+08 9.530060429e+07 
  27 2.201237224e+07 1.156759062e+08 9.013711370e+07 
  28 2.390404568e+07 1.256166471e+08 9.788311945e+07 
  30 2.216102976e+07 1.164570651e+08 9.074577983e+07 
  19 2.046348454e+07 1.075364846e+08 8.379470926e+07 
**************** 
Time = 65280.0 sec 
   4 2.384994680e+07 1.253323620e+08 9.766160582e+07 
   7 2.032526906e+07 1.068100821e+08 8.322865132e+07 
   9 2.214634376e+07 1.163798362e+08 9.068560728e+07 
  11 2.325418778e+07 1.222016835e+08 9.522211728e+07 
  27 2.202700840e+07 1.157528197e+08 9.019704626e+07 
  28 2.389124168e+07 1.255493624e+08 9.783068992e+07 
  30 2.214565654e+07 1.163762784e+08 9.068282922e+07 
  19 2.046641502e+07 1.075518842e+08 8.380670896e+07 
**************** 
Time = 65310.0 sec 
   4 2.383205188e+07 1.252383243e+08 9.758832980e+07 
   7 2.031783186e+07 1.067709995e+08 8.319819737e+07 
   9 2.216222546e+07 1.164632950e+08 9.075064000e+07 
  11 2.323505012e+07 1.221011151e+08 9.514375247e+07 
  27 2.204171518e+07 1.158301044e+08 9.025726808e+07 
  28 2.387846190e+07 1.254822046e+08 9.777835930e+07 
  30 2.213031688e+07 1.162956680e+08 9.062001601e+07 
  19 2.046946688e+07 1.075679218e+08 8.381920583e+07 
**************** 
Time = 65340.0 sec 
   4 2.381418086e+07 1.251444120e+08 9.751515158e+07 
   7 2.031046694e+07 1.067322966e+08 8.316803932e+07 
   9 2.217817464e+07 1.165471080e+08 9.081594875e+07 
  11 2.321594370e+07 1.220007111e+08 9.506551576e+07 
  27 2.205649298e+07 1.159077621e+08 9.031778058e+07 
  28 2.386570708e+07 1.254151779e+08 9.772613092e+07 
  30 2.211501196e+07 1.162152404e+08 9.055734517e+07 
  19 2.047264076e+07 1.075846008e+08 8.383220246e+07 
**************** 
Time = 65370.0 sec 
   4 2.379633372e+07 1.250506252e+08 9.744207116e+07 
   7 2.030317402e+07 1.066939721e+08 8.313817608e+07 
   9 2.219419018e+07 1.166312691e+08 9.088152874e+07 
  11 2.319686856e+07 1.219004715e+08 9.498740714e+07 
  27 2.207134068e+07 1.159857870e+08 9.037857911e+07 
  28 2.385297656e+07 1.253482789e+08 9.767400193e+07 
  30 2.209974150e+07 1.161349940e+08 9.049481554e+07 
  19 2.047593582e+07 1.076019167e+08 8.384569532e+07 
**************** 
Time = 65400.0 sec 
   4 2.377851122e+07 1.249569680e+08 9.736909174e+07 
   7 2.029595360e+07 1.066560286e+08 8.310860973e+07 
   9 2.221027152e+07 1.167157765e+08 9.094737855e+07 
  11 2.317782544e+07 1.218004003e+08 9.490942975e+07 
  27 2.208625794e+07 1.160641774e+08 9.043966249e+07 
  28 2.384027048e+07 1.252815083e+08 9.762197309e+07 
  30 2.208450606e+07 1.160549317e+08 9.043242941e+07 
  19 2.047935208e+07 1.076198695e+08 8.385968455e+07 
**************** 
Time = 65430.0 sec 
   4 2.376071378e+07 1.248634427e+08 9.729621514e+07 
   7 2.028880588e+07 1.066184671e+08 8.307934104e+07 
   9 2.222641794e+07 1.168006263e+08 9.101349514e+07 
  11 2.315881470e+07 1.217004991e+08 9.483158486e+07 
  27 2.210124408e+07 1.161429297e+08 9.050102790e+07 
  28 2.382758862e+07 1.252148652e+08 9.757004353e+07 
  30 2.206930584e+07 1.159750545e+08 9.037018749e+07 
  19 2.048288910e+07 1.076384569e+08 8.387416819e+07 
**************** 
Time = 65460.0 sec 
   4 2.374294314e+07 1.247700580e+08 9.722344807e+07 
   7 2.028173226e+07 1.065812950e+08 8.305037576e+07 
   9 2.224263004e+07 1.168858209e+08 9.107988049e+07 
  11 2.313983796e+07 1.216007767e+08 9.475387931e+07 
  27 2.211629962e+07 1.162220468e+08 9.056267753e+07 
  28 2.381493200e+07 1.251483548e+08 9.751821741e+07 
  30 2.205414226e+07 1.158953697e+08 9.030809550e+07 
  19 2.048654776e+07 1.076576831e+08 8.388914966e+07 
**************** 
Time = 65490.0 sec 
   4 2.372519860e+07 1.246768109e+08 9.715078820e+07 
   7 2.027473188e+07 1.065445078e+08 8.302171039e+07 
   9 2.225890614e+07 1.169713516e+08 9.114652763e+07 
  11 2.312089472e+07 1.215012302e+08 9.467631080e+07 
  27 2.213142292e+07 1.163015198e+08 9.062460456e+07 
  28 2.380229946e+07 1.250819708e+08 9.746648973e+07 
  30 2.203901454e+07 1.158158731e+08 9.024615012e+07 
  19 2.049032660e+07 1.076775408e+08 8.390462318e+07 
**************** 
Time = 65520.0 sec 
   4 2.370748148e+07 1.245837079e+08 9.707824065e+07 
   7 2.026780572e+07 1.065081106e+08 8.299334894e+07 
   9 2.227524618e+07 1.170572182e+08 9.121343657e+07 
  11 2.310198614e+07 1.214018655e+08 9.459888400e+07 
  27 2.214661402e+07 1.163813493e+08 9.068680928e+07 
  28 2.378969152e+07 1.250157160e+08 9.741486277e+07 
  30 2.202392356e+07 1.157365695e+08 9.018435516e+07 
  19 2.049422592e+07 1.076980316e+08 8.392059005e+07 
**************** 
Time = 65550.0 sec 
   4 2.368979164e+07 1.244907484e+08 9.700580484e+07 
   7 2.026095340e+07 1.064721014e+08 8.296528985e+07 
   9 2.229164884e+07 1.171434141e+08 9.128060208e+07 
  11 2.308311196e+07 1.213026817e+08 9.452159813e+07 
  27 2.216187172e+07 1.164615286e+08 9.074928666e+07 
  28 2.377710742e+07 1.249495865e+08 9.736333344e+07 
  30 2.200886896e+07 1.156574571e+08 9.012270913e+07 
  19 2.049824470e+07 1.077191502e+08 8.393704613e+07 
**************** 
Time = 65580.0 sec 
   4 2.367213092e+07 1.243979421e+08 9.693348852e+07 
   7 2.025417650e+07 1.064364885e+08 8.293753960e+07 
   9 2.230811494e+07 1.172299431e+08 9.134802722e+07 
  11 2.306427420e+07 1.212036891e+08 9.444446122e+07 
  27 2.217719678e+07 1.165420620e+08 9.081203992e+07 
  28 2.376454842e+07 1.248835890e+08 9.731190691e+07 
  30 2.199385238e+07 1.155785445e+08 9.006121888e+07 
  19 2.050238410e+07 1.077409027e+08 8.395399615e+07 
**************** 
Time = 65610.0 sec 
   4 2.365449876e+07 1.243052859e+08 9.686128908e+07 
   7 2.024747408e+07 1.064012672e+08 8.291009443e+07 
   9 2.232464262e+07 1.173167954e+08 9.141570426e+07 
  11 2.304547200e+07 1.211048835e+08 9.436747008e+07 
  27 2.219258742e+07 1.166229399e+08 9.087506164e+07 
  28 2.375201320e+07 1.248177161e+08 9.726057753e+07 
  30 2.197887288e+07 1.154998268e+08 8.999988042e+07 
  19 2.050664240e+07 1.077632802e+08 8.397143312e+07 
**************** 
Time = 65640.0 sec 
   4 2.363689680e+07 1.242127879e+08 9.678921293e+07 
   7 2.024084748e+07 1.063664442e+08 8.288295962e+07 
   9 2.234123220e+07 1.174039731e+08 9.148363479e+07 
  11 2.302670690e+07 1.210062731e+08 9.429063099e+07 
  27 2.220804404e+07 1.167041646e+08 9.093835357e+07 
  28 2.373950264e+07 1.247519729e+08 9.720934919e+07 
  30 2.196393178e+07 1.154213108e+08 8.993869915e+07 
  19 2.051102032e+07 1.077862864e+08 8.398936008e+07 
**************** 
Time = 65670.0 sec 
   4 2.361932492e+07 1.241204478e+08 9.671725987e+07 
   7 2.023429636e+07 1.063320179e+08 8.285613394e+07 
   9 2.235788242e+07 1.174914697e+08 9.155181386e+07 
  11 2.300797880e+07 1.209078571e+08 9.421394334e+07 
  27 2.222356546e+07 1.167857301e+08 9.100191104e+07 
  28 2.372701600e+07 1.246863554e+08 9.715821886e+07 
  30 2.194902876e+07 1.153429950e+08 8.987767392e+07 
  19 2.051551696e+07 1.078099166e+08 8.400777316e+07 
**************** 
Time = 65700.0 sec 
   4 2.360178442e+07 1.240282727e+08 9.664543538e+07 
   7 2.022782180e+07 1.062979938e+08 8.282962164e+07 
   9 2.237459340e+07 1.175792861e+08 9.162024210e+07 
  11 2.298928900e+07 1.208096424e+08 9.413741264e+07 
  27 2.223915194e+07 1.168676375e+08 9.106573494e+07 
  28 2.371455392e+07 1.246208672e+08 9.710718923e+07 
  30 2.193416494e+07 1.152648851e+08 8.981680916e+07 
  19 2.052013278e+07 1.078341731e+08 8.402667439e+07 
**************** 
Time = 65730.0 sec 
   4 2.358427530e+07 1.239362625e+08 9.657373934e+07 
   7 2.022142356e+07 1.062643708e+08 8.280342192e+07 
   9 2.239136406e+07 1.176674159e+08 9.168891457e+07 
  11 2.297063752e+07 1.207116294e+08 9.406103900e+07 
  27 2.225480228e+07 1.169498807e+08 9.112982054e+07 
  28 2.370211582e+07 1.245555051e+08 9.705625783e+07 
  30 2.191934002e+07 1.151869798e+08 8.975610377e+07 
  19 2.052486688e+07 1.078590512e+08 8.404605989e+07 
**************** 
Time = 65760.0 sec 
   4 2.356679844e+07 1.238444212e+08 9.650217490e+07 
   7 2.021510200e+07 1.062311508e+08 8.277753624e+07 
   9 2.240819390e+07 1.177558568e+08 9.175782945e+07 
  11 2.295202510e+07 1.206138213e+08 9.398482507e+07 
  27 2.227051616e+07 1.170324577e+08 9.119416622e+07 
  28 2.368970178e+07 1.244902694e+08 9.700542501e+07 
  30 2.190455454e+07 1.151092815e+08 8.969555968e+07 
  19 2.052971914e+07 1.078845500e+08 8.406592913e+07 
**************** 
Time = 65790.0 sec 
   4 2.354935438e+07 1.237527522e+08 9.643074473e+07 
   7 2.020885754e+07 1.061983360e+08 8.275196631e+07 
   9 2.242508248e+07 1.178446061e+08 9.182698466e+07 
  11 2.293345236e+07 1.205162217e+08 9.390877358e+07 
  27 2.228629310e+07 1.171153662e+08 9.125877020e+07 
  28 2.367731190e+07 1.244251606e+08 9.695469098e+07 
  30 2.188980886e+07 1.150317925e+08 8.963517871e+07 
  19 2.053468932e+07 1.079106685e+08 8.408628116e+07 
**************** 
Time = 65820.0 sec 
   4 2.353194398e+07 1.236612604e+08 9.635945259e+07 
   7 2.020269080e+07 1.061659297e+08 8.272671464e+07 
   9 2.244202942e+07 1.179336624e+08 9.189637904e+07 
  11 2.291492016e+07 1.204188349e+08 9.383288792e+07 
  27 2.230213290e+07 1.171986049e+08 9.132363153e+07 
  28 2.366494632e+07 1.243601795e+08 9.690405646e+07 
  30 2.187510362e+07 1.149545162e+08 8.957496345e+07 
  19 2.053977728e+07 1.079374058e+08 8.410711543e+07 
**************** 
Time = 65850.0 sec 
   4 2.351456768e+07 1.235699481e+08 9.628830033e+07 
   7 2.019660198e+07 1.061339328e+08 8.270178202e+07 
   9 2.245903396e+07 1.180230216e+08 9.196600952e+07 
  11 2.289642892e+07 1.203216631e+08 9.375716982e+07 
  27 2.231803488e+07 1.172821704e+08 9.138874743e+07 
  28 2.365260484e+07 1.242953249e+08 9.685352056e+07 
  30 2.186043906e+07 1.148774537e+08 8.951491479e+07 
  19 2.054498270e+07 1.079647602e+08 8.412843057e+07 
**************** 
Time = 65880.0 sec 
   4 2.349722600e+07 1.234788179e+08 9.621729000e+07 
   7 2.019059136e+07 1.061023468e+08 8.267716955e+07 
   9 2.247609546e+07 1.181126802e+08 9.203587327e+07 
  11 2.287797900e+07 1.202247088e+08 9.368162112e+07 
  27 2.233399840e+07 1.173660592e+08 9.145411530e+07 
  28 2.364028726e+07 1.242305961e+08 9.680308270e+07 
  30 2.184581542e+07 1.148006062e+08 8.945503366e+07 
  19 2.055030504e+07 1.079927292e+08 8.415022460e+07 
**************** 
Time = 65910.0 sec 
   4 2.347992004e+07 1.233878753e+08 9.614642585e+07 
   7 2.018465960e+07 1.060711753e+08 8.265288005e+07 
   9 2.249321376e+07 1.182026374e+08 9.210596965e+07 
  11 2.285957148e+07 1.201279770e+08 9.360624583e+07 
  27 2.235002336e+07 1.174502710e+08 9.151973484e+07 
  28 2.362799394e+07 1.241659950e+08 9.675274430e+07 
  30 2.183123350e+07 1.147239779e+08 8.939532335e+07 
  19 2.055574450e+07 1.080213136e+08 8.417249820e+07 
**************** 
Time = 65940.0 sec 
   4 2.346264958e+07 1.232971193e+08 9.607570704e+07 
   7 2.017880620e+07 1.060404155e+08 8.262891137e+07 
   9 2.251038752e+07 1.182928859e+08 9.217629302e+07 
  11 2.284120612e+07 1.200314666e+08 9.353104306e+07 
  27 2.236610848e+07 1.175347988e+08 9.158560063e+07 
  28 2.361572404e+07 1.241015172e+08 9.670250203e+07 
  30 2.181669284e+07 1.146475665e+08 8.933578207e+07 
  19 2.056129978e+07 1.080505069e+08 8.419524618e+07 
**************** 
Time = 65970.0 sec 
   4 2.344541578e+07 1.232065558e+08 9.600513822e+07 
   7 2.017303204e+07 1.060100719e+08 8.260526705e+07 
   9 2.252761666e+07 1.183834251e+08 9.224684299e+07 
  11 2.282288396e+07 1.199351833e+08 9.345601727e+07 
  27 2.238225370e+07 1.176196425e+08 9.165171253e+07 
  28 2.360347810e+07 1.240371650e+08 9.665235753e+07 
  30 2.180219428e+07 1.145713765e+08 8.927641329e+07 
  19 2.056697118e+07 1.080803104e+08 8.421846971e+07 
**************** 
Time = 66000.0 sec 
   4 2.342821938e+07 1.231161885e+08 9.593472230e+07 
   7 2.016733754e+07 1.059801470e+08 8.258194894e+07 
   9 2.254490068e+07 1.184742527e+08 9.231761767e+07 
  11 2.280460574e+07 1.198391308e+08 9.338117130e+07 
  27 2.239845868e+07 1.177047999e+08 9.171806892e+07 
  28 2.359125614e+07 1.239729387e+08 9.660231116e+07 
  30 2.178773834e+07 1.144954105e+08 8.921721900e+07 
  19 2.057275852e+07 1.081107232e+08 8.424216797e+07 
**************** 
Time = 66030.0 sec 
   4 2.341106100e+07 1.230260210e+08 9.586446203e+07 
   7 2.016172306e+07 1.059506426e+08 8.255895852e+07 
   9 2.256223902e+07 1.185653658e+08 9.238861476e+07 
  11 2.278637192e+07 1.197433120e+08 9.330650746e+07 
  27 2.241472288e+07 1.177902686e+08 9.178466784e+07 
  28 2.357905814e+07 1.239088380e+08 9.655236275e+07 
  30 2.177332546e+07 1.144196705e+08 8.915820089e+07 
  19 2.057866144e+07 1.081417434e+08 8.426633957e+07 
**************** 
Time = 66060.0 sec 
   4 2.339394134e+07 1.229360568e+08 9.579436021e+07 
   7 2.015618898e+07 1.059215608e+08 8.253629740e+07 
   9 2.257963114e+07 1.186567615e+08 9.245983207e+07 
  11 2.276818320e+07 1.196477303e+08 9.323202830e+07 
  27 2.243104584e+07 1.178760460e+08 9.185150738e+07 
  28 2.356688414e+07 1.238448634e+08 9.650251251e+07 
  30 2.175895602e+07 1.143441588e+08 8.909936062e+07 
  19 2.058467968e+07 1.081733695e+08 8.429098328e+07 
**************** 
Time = 66090.0 sec 
   4 2.337686076e+07 1.228462982e+08 9.572441854e+07 
   7 2.015073542e+07 1.058929022e+08 8.251396603e+07 
   9 2.259707626e+07 1.187484361e+08 9.253126664e+07 
  11 2.275004008e+07 1.195523881e+08 9.315773585e+07 
  27 2.244742690e+07 1.179621288e+08 9.191858480e+07 
  28 2.355473388e+07 1.237810135e+08 9.645275943e+07 
  30 2.174463022e+07 1.142688765e+08 8.904069911e+07 
  19 2.059081278e+07 1.082055991e+08 8.431609724e+07 
**************** 
Time = 66120.0 sec 
   4 2.335982042e+07 1.227567513e+08 9.565464189e+07 
   7 2.014536328e+07 1.058646714e+08 8.249196802e+07 
   9 2.261457436e+07 1.188403892e+08 9.260291833e+07 
  11 2.273194362e+07 1.194572911e+08 9.308363445e+07 
  27 2.246386610e+07 1.180485170e+08 9.198590026e+07 
  28 2.354260784e+07 1.237172910e+08 9.640310568e+07 
  30 2.173034900e+07 1.141938284e+08 8.898222011e+07 
  19 2.059706090e+07 1.082384331e+08 8.434168216e+07 
**************** 
Time = 66150.0 sec 
   4 2.334281994e+07 1.226674140e+08 9.558502857e+07 
   7 2.014007184e+07 1.058368649e+08 8.247030058e+07 
   9 2.263212388e+07 1.189326124e+08 9.267478045e+07 
  11 2.271389336e+07 1.193624369e+08 9.300972221e+07 
  27 2.248036184e+07 1.181352026e+08 9.205344739e+07 
  28 2.353050484e+07 1.236536902e+08 9.635354674e+07 
  30 2.171611168e+07 1.141190110e+08 8.892392091e+07 
  19 2.060342262e+07 1.082718642e+08 8.436773238e+07 
**************** 
Time = 66180.0 sec 
   4 2.332586062e+07 1.225782929e+08 9.551558372e+07 
   7 2.013486208e+07 1.058094874e+08 8.244896747e+07 
   9 2.264972480e+07 1.190251059e+08 9.274685320e+07 
  11 2.269589050e+07 1.192678318e+08 9.293600406e+07 
  27 2.249691426e+07 1.182221860e+08 9.212122666e+07 
  28 2.351842558e+07 1.235902140e+08 9.630408493e+07 
  30 2.170191928e+07 1.140444297e+08 8.886580561e+07 
  19 2.060989824e+07 1.083058938e+08 8.439424895e+07 
**************** 
Time = 66210.0 sec 
   4 2.330894278e+07 1.224893901e+08 9.544630894e+07 
   7 2.012973400e+07 1.057825392e+08 8.242796893e+07 
   9 2.266737636e+07 1.191178653e+08 9.281913318e+07 
  11 2.267793542e+07 1.191734776e+08 9.286248146e+07 
  27 2.251352262e+07 1.183094635e+08 9.218923500e+07 
  28 2.350636972e+07 1.235268607e+08 9.625471883e+07 
  30 2.168777196e+07 1.139700851e+08 8.880787478e+07 
  19 2.061648716e+07 1.083405190e+08 8.442122961e+07 
**************** 
Time = 66240.0 sec 
   4 2.329206740e+07 1.224007105e+08 9.537720811e+07 
   7 2.012468832e+07 1.057560241e+08 8.240730782e+07 
   9 2.268507832e+07 1.192108896e+08 9.289161946e+07 
  11 2.266002904e+07 1.190793793e+08 9.278915826e+07 
  27 2.253018678e+07 1.183970341e+08 9.225747181e+07 
  28 2.349433764e+07 1.234636323e+08 9.620545006e+07 
  30 2.167367044e+07 1.138959810e+08 8.875013141e+07 
  19 2.062318940e+07 1.083757398e+08 8.444867440e+07 
**************** 
Time = 66270.0 sec 
   4 2.327523474e+07 1.223122552e+08 9.530828210e+07 
   7 2.011972492e+07 1.057299413e+08 8.238698355e+07 
   9 2.270282970e+07 1.193041730e+08 9.296430771e+07 
  11 2.264217150e+07 1.189855376e+08 9.271603499e+07 
  27 2.254690570e+07 1.184848927e+08 9.232593302e+07 
  28 2.348232880e+07 1.234005259e+08 9.615627635e+07 
  30 2.165961458e+07 1.138221171e+08 8.869257514e+07 
  19 2.063000412e+07 1.084115517e+08 8.447657979e+07 
**************** 
Time = 66300.0 sec 
   4 2.325844582e+07 1.222240299e+08 9.523953527e+07 
   7 2.011484462e+07 1.057042952e+08 8.236699960e+07 
   9 2.272063038e+07 1.193977154e+08 9.303719774e+07 
  11 2.262436380e+07 1.188919580e+08 9.264311590e+07 
  27 2.256367948e+07 1.185730395e+08 9.239461876e+07 
  28 2.347034370e+07 1.233375442e+08 9.610719981e+07 
  30 2.164560534e+07 1.137484981e+08 8.863520972e+07 
  19 2.063693150e+07 1.084479556e+08 8.450494648e+07 
**************** 
Time = 66330.0 sec 
   4 2.324170144e+07 1.221360384e+08 9.517097062e+07 
   7 2.011004778e+07 1.056790877e+08 8.234735734e+07 
   9 2.273847970e+07 1.194915138e+08 9.311028730e+07 
  11 2.260660666e+07 1.187986438e+08 9.257040370e+07 
  27 2.258050764e+07 1.186614719e+08 9.246352712e+07 
  28 2.345838230e+07 1.232746871e+08 9.605822037e+07 
  30 2.163164316e+07 1.136751262e+08 8.857803688e+07 
  19 2.064397124e+07 1.084849498e+08 8.453377316e+07 
**************** 
Time = 66360.0 sec 
   4 2.322500260e+07 1.220482860e+08 9.510259231e+07 
   7 2.010533514e+07 1.056543225e+08 8.232805982e+07 
   9 2.275637750e+07 1.195855674e+08 9.318357572e+07 
  11 2.258890096e+07 1.187056003e+08 9.249790238e+07 
  27 2.259739004e+07 1.187501896e+08 9.253265769e+07 
  28 2.344644500e+07 1.232119566e+08 9.600933955e+07 
  30 2.161772880e+07 1.136020056e+08 8.852105984e+07 
  19 2.065112336e+07 1.085225345e+08 8.456305988e+07 
**************** 
Time = 66390.0 sec 
   4 2.320834860e+07 1.219607691e+08 9.503439750e+07 
   7 2.010070564e+07 1.056299942e+08 8.230910270e+07 
   9 2.277432198e+07 1.196798662e+08 9.325705515e+07 
  11 2.257124598e+07 1.186128236e+08 9.242560897e+07 
  27 2.261432492e+07 1.188391829e+08 9.260200304e+07 
  28 2.343453038e+07 1.231493452e+08 9.596055160e+07 
  30 2.160386132e+07 1.135291315e+08 8.846427482e+07 
  19 2.065838624e+07 1.085607010e+08 8.459280004e+07 
**************** 
Time = 66420.0 sec 
   4 2.319174064e+07 1.218734939e+08 9.496639108e+07 
   7 2.009616024e+07 1.056061079e+08 8.229049001e+07 
   9 2.279231318e+07 1.197744102e+08 9.333072569e+07 
  11 2.255364290e+07 1.185203198e+08 9.235352822e+07 
  27 2.263131232e+07 1.189284522e+08 9.267156349e+07 
  28 2.342263902e+07 1.230868560e+08 9.591185881e+07 
  30 2.159004168e+07 1.134565089e+08 8.840768583e+07 
  19 2.066575998e+07 1.085994501e+08 8.462299412e+07 
**************** 
Time = 66450.0 sec 
   4 2.317517926e+07 1.217864634e+08 9.489857526e+07 
   7 2.009169912e+07 1.055826646e+08 8.227222250e+07 
   9 2.281035040e+07 1.198691959e+08 9.340458455e+07 
  11 2.253609220e+07 1.184280914e+08 9.228166209e+07 
  27 2.264835168e+07 1.190179945e+08 9.274133670e+07 
  28 2.341077078e+07 1.230244883e+08 9.586326071e+07 
  30 2.157627018e+07 1.133841394e+08 8.835129406e+07 
  19 2.067324416e+07 1.086387794e+08 8.465364038e+07 
**************** 
Time = 66480.0 sec 
   4 2.315866554e+07 1.216996837e+08 9.483095491e+07 
   7 2.008732310e+07 1.055596686e+08 8.225430353e+07 
   9 2.282843362e+07 1.199642233e+08 9.347863169e+07 
  11 2.251859514e+07 1.183361446e+08 9.221001531e+07 
  27 2.266544304e+07 1.191078102e+08 9.281132287e+07 
  28 2.339892616e+07 1.229622446e+08 9.581475923e+07 
  30 2.156254784e+07 1.133120281e+08 8.829510348e+07 
  19 2.068083890e+07 1.086786900e+08 8.468473954e+07 
**************** 
Time = 66510.0 sec 
   4 2.314219942e+07 1.216131544e+08 9.476352960e+07 
   7 2.008303180e+07 1.055371177e+08 8.223673145e+07 
   9 2.284656142e+07 1.200594851e+08 9.355286153e+07 
  11 2.250115150e+07 1.182444783e+08 9.213858722e+07 
  27 2.268258518e+07 1.191978925e+08 9.288151678e+07 
  28 2.338710440e+07 1.229001207e+08 9.576635115e+07 
  30 2.154887426e+07 1.132401730e+08 8.823911250e+07 
  19 2.068854310e+07 1.087191759e+08 8.471628701e+07 
**************** 
Time = 66540.0 sec 
   4 2.312578216e+07 1.215268820e+08 9.469630451e+07 
   7 2.007882618e+07 1.055150170e+08 8.221951012e+07 
   9 2.286473400e+07 1.201549818e+08 9.362727439e+07 
  11 2.248376250e+07 1.181530992e+08 9.206738286e+07 
  27 2.269977822e+07 1.192882422e+08 9.295191908e+07 
  28 2.337530604e+07 1.228381200e+08 9.571803900e+07 
  30 2.153525048e+07 1.131685795e+08 8.818332543e+07 
  19 2.069635698e+07 1.087602385e+08 8.474828377e+07 
**************** 
Time = 66570.0 sec 
   4 2.310941400e+07 1.214408674e+08 9.462928034e+07 
   7 2.007470608e+07 1.054933658e+08 8.220263905e+07 
   9 2.288295028e+07 1.202507079e+08 9.370186608e+07 
  11 2.246642826e+07 1.180620079e+08 9.199640268e+07 
  27 2.271702124e+07 1.193788544e+08 9.302252596e+07 
  28 2.336353060e+07 1.227762399e+08 9.566982084e+07 
  30 2.152167640e+07 1.130972475e+08 8.812774204e+07 
  19 2.070427972e+07 1.088018731e+08 8.478072632e+07 
**************** 
Time = 66600.0 sec 
   4 2.309309614e+07 1.213551175e+08 9.456246243e+07 
   7 2.007067252e+07 1.054721693e+08 8.218612236e+07 
   9 2.290121036e+07 1.203466642e+08 9.377663704e+07 
  11 2.244915004e+07 1.179712108e+08 9.192565187e+07 
  27 2.273431438e+07 1.194697301e+08 9.309333816e+07 
  28 2.335177868e+07 1.227144837e+08 9.562169922e+07 
  30 2.150815312e+07 1.130261825e+08 8.807236682e+07 
  19 2.071231170e+07 1.088440816e+08 8.481361606e+07 
**************** 
Time = 66630.0 sec 
   4 2.307682880e+07 1.212696332e+08 9.449585148e+07 
   7 2.006672534e+07 1.054514268e+08 8.216995935e+07 
   9 2.291951318e+07 1.204428448e+08 9.385158286e+07 
  11 2.243192800e+07 1.178807089e+08 9.185513100e+07 
  27 2.275165670e+07 1.195608643e+08 9.316435172e+07 
  28 2.334004978e+07 1.226528486e+08 9.557367198e+07 
  30 2.149468060e+07 1.129553843e+08 8.801719940e+07 
  19 2.072045198e+07 1.088868591e+08 8.484694919e+07 
**************** 
Time = 66660.0 sec 
   4 2.306061260e+07 1.211844174e+08 9.442944970e+07 
   7 2.006286468e+07 1.054311388e+08 8.215415055e+07 
   9 2.293785802e+07 1.205392464e+08 9.392670082e+07 
  11 2.241476258e+07 1.177905044e+08 9.178484191e+07 
  27 2.276904762e+07 1.196522537e+08 9.323556421e+07 
  28 2.332834382e+07 1.225913340e+08 9.552573865e+07 
  30 2.148125914e+07 1.128848543e+08 8.796224102e+07 
  19 2.072870008e+07 1.089302032e+08 8.488072385e+07 
**************** 
Time = 66690.0 sec 
   4 2.304444788e+07 1.210994719e+08 9.436325859e+07 
   7 2.005909062e+07 1.054113060e+08 8.213869642e+07 
   9 2.295624402e+07 1.206358645e+08 9.400198756e+07 
  11 2.239765410e+07 1.177005992e+08 9.171478600e+07 
  27 2.278648638e+07 1.197438946e+08 9.330697262e+07 
  28 2.331666050e+07 1.225299385e+08 9.547789806e+07 
  30 2.146788892e+07 1.128145934e+08 8.790749230e+07 
  19 2.073705536e+07 1.089741106e+08 8.491493738e+07 
**************** 
Time = 66720.0 sec 
   4 2.302833610e+07 1.210148047e+08 9.429728435e+07 
   7 2.005540434e+07 1.053919345e+08 8.212360174e+07 
   9 2.297467142e+07 1.207327008e+08 9.407744424e+07 
  11 2.238060400e+07 1.176110009e+08 9.164496928e+07 
  27 2.280397334e+07 1.198357889e+08 9.337857848e+07 
  28 2.330500058e+07 1.224686661e+08 9.543015342e+07 
  30 2.145457112e+07 1.127446082e+08 8.785295844e+07 
  19 2.074551828e+07 1.090185835e+08 8.494959161e+07 
**************** 
Time = 66750.0 sec 
   4 2.301227712e+07 1.209304148e+08 9.423152611e+07 
   7 2.005180528e+07 1.053730213e+08 8.210886418e+07 
   9 2.299313886e+07 1.208297476e+08 9.415306500e+07 
  11 2.236361208e+07 1.175217082e+08 9.157539067e+07 
  27 2.282150722e+07 1.199279295e+08 9.345037631e+07 
  28 2.329336322e+07 1.224075123e+08 9.538250123e+07 
  30 2.144130540e+07 1.126748964e+08 8.779863764e+07 
  19 2.075408750e+07 1.090636151e+08 8.498468111e+07 
**************** 
Time = 66780.0 sec 
   4 2.299627176e+07 1.208463063e+08 9.416598721e+07 
   7 2.004829396e+07 1.053545693e+08 8.209448600e+07 
   9 2.301164610e+07 1.209270032e+08 9.422884844e+07 
  11 2.234667912e+07 1.174327251e+08 9.150605331e+07 
  27 2.283908770e+07 1.200203152e+08 9.352236510e+07 
  28 2.328174864e+07 1.223464781e+08 9.533494225e+07 
  30 2.142809238e+07 1.126054614e+08 8.774453246e+07 
  19 2.076276302e+07 1.091092051e+08 8.502020582e+07 
**************** 
Time = 66810.0 sec 
   4 2.298032088e+07 1.207624843e+08 9.410067153e+07 
   7 2.004487100e+07 1.053365815e+08 8.208046955e+07 
   9 2.303019284e+07 1.210244661e+08 9.430479338e+07 
  11 2.232980594e+07 1.173440562e+08 9.143696087e+07 
  27 2.285671462e+07 1.201129448e+08 9.359454398e+07 
  28 2.327015702e+07 1.222855648e+08 9.528747747e+07 
  30 2.141493268e+07 1.125363068e+08 8.769064577e+07 
  19 2.077154466e+07 1.091553528e+08 8.505616507e+07 
**************** 
Time = 66840.0 sec 
   4 2.296442488e+07 1.206789512e+08 9.403558094e+07 
   7 2.004153644e+07 1.053190584e+08 8.206681513e+07 
   9 2.304877818e+07 1.211221321e+08 9.438089661e+07 
  11 2.231299300e+07 1.172557038e+08 9.136811493e+07 
  27 2.287438726e+07 1.202058148e+08 9.366691015e+07 
  28 2.325858824e+07 1.222247714e+08 9.524010613e+07 
  30 2.140182652e+07 1.124674336e+08 8.763697838e+07 
  19 2.078043172e+07 1.092020545e+08 8.509255599e+07 
**************** 
Time = 66870.0 sec 
   4 2.294858408e+07 1.205957082e+08 9.397071641e+07 
   7 2.003829028e+07 1.053019997e+08 8.205352270e+07 
   9 2.306740126e+07 1.212199965e+08 9.445715441e+07 
  11 2.229624054e+07 1.171676691e+08 9.129951658e+07 
  27 2.289210484e+07 1.202989209e+08 9.373946027e+07 
  28 2.324704192e+07 1.221640956e+08 9.519282639e+07 
  30 2.138877400e+07 1.123988422e+08 8.758353062e+07 
  19 2.078942348e+07 1.092493064e+08 8.512937558e+07 
**************** 
Time = 66900.0 sec 
   4 2.293279924e+07 1.205127591e+08 9.390608087e+07 
   7 2.003513284e+07 1.052854073e+08 8.204059356e+07 
   9 2.308606156e+07 1.213180563e+08 9.453356454e+07 
  11 2.227954908e+07 1.170799551e+08 9.123116815e+07 
  27 2.290986688e+07 1.203922606e+08 9.381219245e+07 
  28 2.323551806e+07 1.221035374e+08 9.514563824e+07 
  30 2.137577554e+07 1.123305350e+08 8.753030427e+07 
  19 2.079851952e+07 1.092971063e+08 8.516662228e+07 
**************** 
Time = 66930.0 sec 
   4 2.291707210e+07 1.204301130e+08 9.384168143e+07 
   7 2.003206556e+07 1.052692887e+08 8.202803355e+07 
   9 2.310475962e+07 1.214163146e+08 9.461012930e+07 
  11 2.226292040e+07 1.169925711e+08 9.116307690e+07 
  27 2.292767402e+07 1.204858376e+08 9.388510947e+07 
  28 2.322401778e+07 1.220431027e+08 9.509854638e+07 
  30 2.136283272e+07 1.122625202e+08 8.747730571e+07 
  19 2.080772064e+07 1.093454584e+08 8.520429921e+07 
**************** 
Time = 66960.0 sec 
   4 2.290140226e+07 1.203477678e+08 9.377751649e+07 
   7 2.002908764e+07 1.052536396e+08 8.201583952e+07 
   9 2.312349382e+07 1.215147630e+08 9.468684218e+07 
  11 2.224635406e+07 1.169055148e+08 9.109524090e+07 
  27 2.294552478e+07 1.205796437e+08 9.395820513e+07 
  28 2.321253992e+07 1.219827858e+08 9.505154631e+07 
  30 2.134994484e+07 1.121947943e+08 8.742453231e+07 
  19 2.081702532e+07 1.093943547e+08 8.524240022e+07 
**************** 
Time = 66990.0 sec 
   4 2.288579040e+07 1.202657272e+08 9.371358891e+07 
   7 2.002619956e+07 1.052384627e+08 8.200401334e+07 
   9 2.314226368e+07 1.216133990e+08 9.476370122e+07 
  11 2.222985066e+07 1.168187895e+08 9.102766288e+07 
  27 2.296341878e+07 1.206736772e+08 9.403147790e+07 
  28 2.320108448e+07 1.219225871e+08 9.500463840e+07 
  30 2.133711248e+07 1.121273601e+08 8.737198627e+07 
  19 2.082643330e+07 1.094437939e+08 8.528092430e+07 
**************** 
Time = 67020.0 sec 
   4 2.287023712e+07 1.201839942e+08 9.364990097e+07 
   7 2.002340134e+07 1.052237581e+08 8.199255521e+07 
   9 2.316106850e+07 1.217122187e+08 9.484070345e+07 
  11 2.221341070e+07 1.167323978e+08 9.096034481e+07 
  27 2.298135540e+07 1.207679347e+08 9.410492525e+07 
  28 2.318965132e+07 1.218625058e+08 9.495782187e+07 
  30 2.132433592e+07 1.120602191e+08 8.731966867e+07 
  19 2.083594400e+07 1.094937728e+08 8.531986883e+07 
**************** 
Time = 67050.0 sec 
   4 2.285474356e+07 1.201025752e+08 9.358645766e+07 
   7 2.002069398e+07 1.052095308e+08 8.198146903e+07 
   9 2.317990832e+07 1.218112225e+08 9.491784914e+07 
  11 2.219703542e+07 1.166463456e+08 9.089329132e+07 
  27 2.299933478e+07 1.208624170e+08 9.417854775e+07 
  28 2.317824106e+07 1.218025449e+08 9.491109916e+07 
  30 2.131161622e+07 1.119933768e+08 8.726758375e+07 
  19 2.084555758e+07 1.095442922e+08 8.535923463e+07 
**************** 
Time = 67080.0 sec 
   4 2.283930946e+07 1.200214688e+08 9.352325793e+07 
   7 2.001807694e+07 1.051957781e+08 8.197075265e+07 
   9 2.319878172e+07 1.219104028e+08 9.499513230e+07 
  11 2.218072446e+07 1.165606317e+08 9.082650139e+07 
  27 2.301735558e+07 1.209571170e+08 9.425233992e+07 
  28 2.316685280e+07 1.217426996e+08 9.486446661e+07 
  30 2.129895286e+07 1.119268306e+08 8.721572962e+07 
  19 2.085527276e+07 1.095953455e+08 8.539901643e+07 
**************** 
Time = 67110.0 sec 
   4 2.282393614e+07 1.199406817e+08 9.346030709e+07 
   7 2.001555104e+07 1.051825044e+08 8.196040951e+07 
   9 2.321768884e+07 1.220097598e+08 9.507255317e+07 
  11 2.216447910e+07 1.164752624e+08 9.075998001e+07 
  27 2.303541802e+07 1.210520356e+08 9.432630241e+07 
  28 2.315548712e+07 1.216829731e+08 9.481792658e+07 
  30 2.128634692e+07 1.118605861e+08 8.716411056e+07 
  19 2.086508972e+07 1.096469338e+08 8.543921507e+07 
**************** 
Time = 67140.0 sec 
   4 2.280862380e+07 1.198602150e+08 9.339760590e+07 
   7 2.001311616e+07 1.051697089e+08 8.195043894e+07 
   9 2.323662858e+07 1.221092885e+08 9.515010781e+07 
  11 2.214829948e+07 1.163902386e+08 9.069372783e+07 
  27 2.305352116e+07 1.211471681e+08 9.440043154e+07 
  28 2.314414364e+07 1.216233630e+08 9.477147721e+07 
  30 2.127379838e+07 1.117946433e+08 8.711272661e+07 
  19 2.087500752e+07 1.096990520e+08 8.547982662e+07 
**************** 
Time = 67170.0 sec 
   4 2.279337372e+07 1.197800758e+08 9.333515987e+07 
   7 2.001077322e+07 1.051573966e+08 8.194084499e+07 
   9 2.325560100e+07 1.222089894e+08 9.522779667e+07 
  11 2.213218688e+07 1.163055669e+08 9.062775002e+07 
  27 2.307166524e+07 1.212425157e+08 9.447472830e+07 
  28 2.313282298e+07 1.215638728e+08 9.472512132e+07 
  30 2.126130840e+07 1.117290082e+08 8.706158236e+07 
  19 2.088502658e+07 1.097517023e+08 8.552085286e+07 
**************** 
Time = 67200.0 sec 
   4 2.277818536e+07 1.197002611e+08 9.327296672e+07 
   7 2.000852136e+07 1.051455630e+08 8.193162398e+07 
   9 2.327460446e+07 1.223088534e+08 9.530561258e+07 
  11 2.211614066e+07 1.162212441e+08 9.056204405e+07 
  27 2.308984858e+07 1.213380697e+08 9.454918590e+07 
  28 2.312152388e+07 1.215044961e+08 9.467885385e+07 
  30 2.124887618e+07 1.116636765e+08 8.701067458e+07 
  19 2.089514514e+07 1.098048757e+08 8.556228666e+07 
**************** 
Time = 67230.0 sec 
   4 2.276306022e+07 1.196207786e+08 9.321103245e+07 
   7 2.000636166e+07 1.051342138e+08 8.192278043e+07 
   9 2.329363938e+07 1.224088817e+08 9.538355661e+07 
  11 2.210016230e+07 1.161372777e+08 9.049661584e+07 
  27 2.310807156e+07 1.214338320e+08 9.462380585e+07 
  28 2.311024718e+07 1.214452370e+08 9.463267801e+07 
  30 2.123650296e+07 1.115986549e+08 8.696000844e+07 
  19 2.090536362e+07 1.098585743e+08 8.560412974e+07 
**************** 
Time = 67260.0 sec 
   4 2.274799866e+07 1.195416302e+08 9.314935852e+07 
   7 2.000429422e+07 1.051233494e+08 8.191431470e+07 
   9 2.331270488e+07 1.225090704e+08 9.546162552e+07 
  11 2.208425214e+07 1.160536696e+08 9.043146679e+07 
  27 2.312633350e+07 1.215297991e+08 9.469858532e+07 
  28 2.309899268e+07 1.213860945e+08 9.458659307e+07 
  30 2.122418896e+07 1.115339444e+08 8.690958475e+07 
  19 2.091568144e+07 1.099127949e+08 8.564637956e+07 
**************** 
Time = 67290.0 sec 
   4 2.273300118e+07 1.194628185e+08 9.308794698e+07 
   7 2.000231916e+07 1.051129703e+08 8.190622713e+07 
   9 2.333180006e+07 1.226094155e+08 9.553981631e+07 
  11 2.206841052e+07 1.159704219e+08 9.036659857e+07 
  27 2.314463378e+07 1.216259676e+08 9.477352177e+07 
  28 2.308776018e+07 1.213270673e+08 9.454059798e+07 
  30 2.121193442e+07 1.114695464e+08 8.685940451e+07 
  19 2.092609786e+07 1.099675337e+08 8.568903317e+07 
**************** 
Time = 67320.0 sec 
   4 2.271806884e+07 1.193843492e+08 9.302680227e+07 
   7 2.000043712e+07 1.051030801e+08 8.189852047e+07 
   9 2.335092486e+07 1.227099165e+08 9.561812863e+07 
  11 2.205263850e+07 1.158875399e+08 9.030201528e+07 
  27 2.316297244e+07 1.217223377e+08 9.484861525e+07 
  28 2.307655008e+07 1.212681580e+08 9.449469468e+07 
  30 2.119974022e+07 1.114054655e+08 8.680947141e+07 
  19 2.093661304e+07 1.100227914e+08 8.573209113e+07 
**************** 
Time = 67350.0 sec 
   4 2.270320190e+07 1.193062237e+08 9.296592536e+07 
   7 1.999864802e+07 1.050936783e+08 8.189119438e+07 
   9 2.337007842e+07 1.228105684e+08 9.569655848e+07 
  11 2.203693628e+07 1.158050246e+08 9.023771779e+07 
  27 2.318134856e+07 1.218189047e+08 9.492386216e+07 
  28 2.306536196e+07 1.212093642e+08 9.444888138e+07 
  30 2.118760636e+07 1.113417019e+08 8.675978552e+07 
  19 2.094722604e+07 1.100785632e+08 8.577554963e+07 
**************** 
Time = 67380.0 sec 
   4 2.268840080e+07 1.192284441e+08 9.290531809e+07 
   7 1.999695194e+07 1.050847653e+08 8.188424920e+07 
   9 2.338926008e+07 1.229113673e+08 9.577510292e+07 
  11 2.202130430e+07 1.157228785e+08 9.017370789e+07 
  27 2.319976154e+07 1.219156654e+08 9.499926007e+07 
  28 2.305419554e+07 1.211506846e+08 9.440315715e+07 
  30 2.117553310e+07 1.112782570e+08 8.671034794e+07 
  19 2.095793632e+07 1.101348459e+08 8.581940629e+07 
**************** 
Time = 67410.0 sec 
   4 2.267366672e+07 1.191510168e+08 9.284498527e+07 
   7 1.999534970e+07 1.050763455e+08 8.187768832e+07 
   9 2.340846964e+07 1.230123131e+08 9.585376186e+07 
  11 2.200574362e+07 1.156411070e+08 9.010998998e+07 
  27 2.321821152e+07 1.220126204e+08 9.507480929e+07 
  28 2.304305144e+07 1.210921223e+08 9.435752424e+07 
  30 2.116352150e+07 1.112151357e+08 8.666116259e+07 
  19 2.096874394e+07 1.101916402e+08 8.586366151e+07 
**************** 
Time = 67440.0 sec 
   4 2.265899984e+07 1.190739428e+08 9.278492778e+07 
   7 1.999384114e+07 1.050684179e+08 8.187151101e+07 
   9 2.342770606e+07 1.231134007e+08 9.593253120e+07 
  11 2.199025438e+07 1.155597109e+08 9.004656454e+07 
  27 2.323669760e+07 1.221097649e+08 9.515050624e+07 
  28 2.303192912e+07 1.210336746e+08 9.431198069e+07 
  30 2.115157152e+07 1.111523381e+08 8.661222944e+07 
  19 2.097964792e+07 1.102489408e+08 8.590831132e+07 
**************** 
Time = 67470.0 sec 
   4 2.264440078e+07 1.189972250e+08 9.272514786e+07 
   7 1.999242648e+07 1.050609839e+08 8.186571823e+07 
   9 2.344696886e+07 1.232146269e+08 9.601140859e+07 
  11 2.197483720e+07 1.154786933e+08 8.998343405e+07 
  27 2.325521928e+07 1.222070964e+08 9.522634893e+07 
  28 2.302082864e+07 1.209753415e+08 9.426652641e+07 
  30 2.113968352e+07 1.110898663e+08 8.656355013e+07 
  19 2.099064790e+07 1.103067458e+08 8.595335419e+07 
**************** 
Time = 67500.0 sec 
   4 2.262987040e+07 1.189208682e+08 9.266564923e+07 
   7 1.999110622e+07 1.050540459e+08 8.186031203e+07 
   9 2.346625780e+07 1.233159902e+08 9.609039279e+07 
  11 2.195949286e+07 1.153980586e+08 8.992060188e+07 
  27 2.327377636e+07 1.223046140e+08 9.530233660e+07 
  28 2.300975016e+07 1.209171240e+08 9.422116224e+07 
  30 2.112785818e+07 1.110277239e+08 8.651512751e+07 
  19 2.100174366e+07 1.103650541e+08 8.599878924e+07 
**************** 
Time = 67530.0 sec 
   4 2.261540930e+07 1.188448752e+08 9.260643404e+07 
   7 1.998988050e+07 1.050476048e+08 8.185529300e+07 
   9 2.348557210e+07 1.234174870e+08 9.616948106e+07 
  11 2.194422180e+07 1.153178090e+08 8.985806980e+07 
  27 2.329236824e+07 1.224023147e+08 9.537846694e+07 
  28 2.299869356e+07 1.208590215e+08 9.417588762e+07 
  30 2.111609584e+07 1.109659126e+08 8.646696283e+07 
  19 2.101293454e+07 1.104238624e+08 8.604461386e+07 
**************** 
Time = 67560.0 sec 
   4 2.260101742e+07 1.187692461e+08 9.254750245e+07 
   7 1.998874902e+07 1.050416588e+08 8.185065979e+07 
   9 2.350491072e+07 1.235191115e+08 9.624866877e+07 
  11 2.192902404e+07 1.152379447e+08 8.979583791e+07 
  27 2.331099396e+07 1.225001933e+08 9.545473590e+07 
  28 2.298765830e+07 1.208010312e+08 9.413070042e+07 
  30 2.110439636e+07 1.109044316e+08 8.641905558e+07 
  19 2.102421958e+07 1.104831656e+08 8.609082409e+07 
**************** 
Time = 67590.0 sec 
   4 2.258669612e+07 1.186939878e+08 9.248885975e+07 
   7 1.998771270e+07 1.050362132e+08 8.184641638e+07 
   9 2.352427386e+07 1.236208643e+08 9.632795655e+07 
  11 2.191390086e+07 1.151584722e+08 8.973391140e+07 
  27 2.332965380e+07 1.225982510e+08 9.553114442e+07 
  28 2.297664498e+07 1.207431564e+08 9.408560324e+07 
  30 2.109276088e+07 1.108432868e+08 8.637141032e+07 
  19 2.103559906e+07 1.105429650e+08 8.613742101e+07 
**************** 
Time = 67620.0 sec 
   4 2.257244558e+07 1.186191014e+08 9.243050680e+07 
   7 1.998677142e+07 1.050312668e+08 8.184256205e+07 
   9 2.354366046e+07 1.237227404e+08 9.640734033e+07 
  11 2.189885236e+07 1.150793924e+08 8.967229088e+07 
  27 2.334834688e+07 1.226964833e+08 9.560768896e+07 
  28 2.296565320e+07 1.206853948e+08 9.404059430e+07 
  30 2.108118938e+07 1.107824782e+08 8.632402705e+07 
  19 2.104707194e+07 1.106032554e+08 8.618440047e+07 
**************** 
Time = 67650.0 sec 
   4 2.255826676e+07 1.185445915e+08 9.237244727e+07 
   7 1.998592566e+07 1.050268223e+08 8.183909880e+07 
   9 2.356307014e+07 1.238247381e+08 9.648681889e+07 
  11 2.188387944e+07 1.150007097e+08 8.961097970e+07 
  27 2.336707296e+07 1.227948891e+08 9.568436876e+07 
  28 2.295468324e+07 1.206277476e+08 9.399567447e+07 
  30 2.106968254e+07 1.107220095e+08 8.627690856e+07 
  19 2.105863820e+07 1.106640363e+08 8.623176225e+07 
**************** 
Time = 67680.0 sec 
   4 2.254416032e+07 1.184704619e+08 9.231468402e+07 
   7 1.998517574e+07 1.050228815e+08 8.183602806e+07 
   9 2.358250246e+07 1.239268550e+08 9.656639025e+07 
  11 2.186898274e+07 1.149224272e+08 8.954998044e+07 
  27 2.338583174e+07 1.228934667e+08 9.576118237e+07 
  28 2.294373510e+07 1.205702149e+08 9.395084388e+07 
  30 2.105824086e+07 1.106618832e+08 8.623005692e+07 
  19 2.107029736e+07 1.107253057e+08 8.627950460e+07 
**************** 
Time = 67710.0 sec 
   4 2.253012620e+07 1.183967124e+08 9.225721696e+07 
   7 1.998452122e+07 1.050194418e+08 8.183334781e+07 
   9 2.360195630e+07 1.240290847e+08 9.664604962e+07 
  11 2.185416216e+07 1.148445447e+08 8.948929286e+07 
  27 2.340462210e+07 1.229922103e+08 9.583812536e+07 
  28 2.293280818e+07 1.205127938e+08 9.390610018e+07 
  30 2.104686414e+07 1.106020983e+08 8.618347134e+07 
  19 2.108204832e+07 1.107870574e+08 8.632762277e+07 
**************** 
Time = 67740.0 sec 
   4 2.251616564e+07 1.183233495e+08 9.220005121e+07 
   7 1.998396304e+07 1.050165083e+08 8.183106201e+07 
   9 2.362143170e+07 1.241314279e+08 9.672579739e+07 
  11 2.183941892e+07 1.147670686e+08 8.942892195e+07 
  27 2.342344426e+07 1.230911212e+08 9.591519867e+07 
  28 2.292190302e+07 1.204554872e+08 9.386144581e+07 
  30 2.103555350e+07 1.105426606e+08 8.613715624e+07 
  19 2.109389126e+07 1.108492925e+08 8.637611762e+07 
**************** 
Time = 67770.0 sec 
   4 2.250227846e+07 1.182503724e+08 9.214318594e+07 
   7 1.998350058e+07 1.050140780e+08 8.182916819e+07 
   9 2.364092734e+07 1.242338774e+08 9.680562800e+07 
  11 2.182475276e+07 1.146899976e+08 8.936886670e+07 
  27 2.344229700e+07 1.231901927e+08 9.599239721e+07 
  28 2.291101886e+07 1.203982910e+08 9.381687744e+07 
  30 2.102430854e+07 1.104835679e+08 8.609111006e+07 
  19 2.110582492e+07 1.109120043e+08 8.642498392e+07 
**************** 
Time = 67800.0 sec 
   4 2.248846834e+07 1.181778000e+08 9.208663615e+07 
   7 1.998313714e+07 1.050121679e+08 8.182767988e+07 
   9 2.366044570e+07 1.243364463e+08 9.688555167e+07 
  11 2.181016728e+07 1.146133505e+08 8.930914181e+07 
  27 2.346118298e+07 1.232894387e+08 9.606973168e+07 
  28 2.290015874e+07 1.203412211e+08 9.377240746e+07 
  30 2.101313272e+07 1.104248386e+08 8.604534701e+07 
  19 2.111785188e+07 1.109752064e+08 8.647423228e+07 
**************** 
Time = 67830.0 sec 
   4 2.247473022e+07 1.181056061e+08 9.203038120e+07 
   7 1.998286726e+07 1.050107497e+08 8.182657475e+07 
   9 2.367998054e+07 1.244391021e+08 9.696554300e+07 
  11 2.179565738e+07 1.145371007e+08 8.924972646e+07 
  27 2.348009606e+07 1.233888272e+08 9.614717720e+07 
  28 2.288931694e+07 1.202842475e+08 9.372801248e+07 
  30 2.100202080e+07 1.103664453e+08 8.599984574e+07 
  19 2.112996598e+07 1.110388664e+08 8.652383749e+07 
**************** 
Time = 67860.0 sec 
   4 2.246106886e+07 1.180338155e+08 9.197444048e+07 
   7 1.998269528e+07 1.050098459e+08 8.182587052e+07 
   9 2.369953540e+07 1.245418633e+08 9.704561645e+07 
  11 2.178122772e+07 1.144612726e+08 8.919063969e+07 
  27 2.349903988e+07 1.234883774e+08 9.622474869e+07 
  28 2.287849754e+07 1.202273917e+08 9.368370935e+07 
  30 2.099097732e+07 1.103084116e+08 8.595462468e+07 
  19 2.114217088e+07 1.111030035e+08 8.657381437e+07 
**************** 
Time = 67890.0 sec 
   4 2.244748302e+07 1.179624216e+08 9.191880897e+07 
   7 1.998261958e+07 1.050094483e+08 8.182556066e+07 
   9 2.371910796e+07 1.246447175e+08 9.712576240e+07 
  11 2.176687704e+07 1.143858595e+08 8.913187634e+07 
  27 2.351801228e+07 1.235880775e+08 9.630243702e+07 
  28 2.286769870e+07 1.201706441e+08 9.363949056e+07 
  30 2.098000090e+07 1.102507303e+08 8.590967822e+07 
  19 2.115446424e+07 1.111676054e+08 8.662415353e+07 
**************** 
Time = 67920.0 sec 
   4 2.243397404e+07 1.178914316e+08 9.186349214e+07 
   7 1.998264124e+07 1.050095621e+08 8.182564934e+07 
   9 2.373869848e+07 1.247476659e+08 9.720598174e+07 
  11 2.175260664e+07 1.143108684e+08 8.907344181e+07 
  27 2.353701354e+07 1.236879294e+08 9.638024358e+07 
  28 2.285692124e+07 1.201140087e+08 9.359535913e+07 
  30 2.096909272e+07 1.101934076e+08 8.586501125e+07 
  19 2.116684640e+07 1.112326739e+08 8.667485627e+07 
**************** 
Time = 67950.0 sec 
   4 2.242054300e+07 1.178208514e+08 9.180849462e+07 
   7 1.998276088e+07 1.050101908e+08 8.182613926e+07 
   9 2.375830686e+07 1.248507082e+08 9.728627419e+07 
  11 2.173841756e+07 1.142363047e+08 8.901534026e+07 
  27 2.355604370e+07 1.237879332e+08 9.645816852e+07 
  28 2.284616562e+07 1.200574877e+08 9.355131688e+07 
  30 2.095825368e+07 1.101364484e+08 8.582062746e+07 
  19 2.117931732e+07 1.112982089e+08 8.672592248e+07 
**************** 
Time = 67980.0 sec 
   4 2.240718960e+07 1.177506792e+08 9.175381502e+07 
   7 1.998297774e+07 1.050113305e+08 8.182702734e+07 
   9 2.377793156e+07 1.249538364e+08 9.736663366e+07 
  11 2.172430940e+07 1.141621661e+08 8.895756999e+07 
  27 2.357510142e+07 1.238880818e+08 9.653620635e+07 
  28 2.283543094e+07 1.200010766e+08 9.350736023e+07 
  30 2.094748330e+07 1.100798499e+08 8.577652475e+07 
  19 2.119187560e+07 1.113642031e+08 8.677734655e+07 
**************** 
Time = 68010.0 sec 
   4 2.239391500e+07 1.176809209e+08 9.169945796e+07 
   7 1.998329266e+07 1.050129855e+08 8.182831695e+07 
   9 2.379757270e+07 1.250570507e+08 9.744706022e+07 
  11 2.171028328e+07 1.140884585e+08 8.890013563e+07 
  27 2.359418682e+07 1.239883761e+08 9.661435767e+07 
  28 2.282471768e+07 1.199447779e+08 9.346349121e+07 
  30 2.093678256e+07 1.100236173e+08 8.573270721e+07 
  19 2.120452132e+07 1.114306568e+08 8.682912862e+07 
**************** 
Time = 68040.0 sec 
   4 2.238071934e+07 1.176115772e+08 9.164542402e+07 
   7 1.998370536e+07 1.050151543e+08 8.183000688e+07 
   9 2.381722930e+07 1.251603457e+08 9.752754961e+07 
  11 2.169633928e+07 1.140151826e+08 8.884303761e+07 
  27 2.361329898e+07 1.240888111e+08 9.669261861e+07 
  28 2.281402526e+07 1.198885890e+08 9.341970771e+07 
  30 2.092615140e+07 1.099677503e+08 8.568917450e+07 
  19 2.121725348e+07 1.114975647e+08 8.688126464e+07 
**************** 
Time = 68070.0 sec 
   4 2.236760328e+07 1.175426519e+08 9.159171611e+07 
   7 1.998421614e+07 1.050178383e+08 8.183209835e+07 
   9 2.383690084e+07 1.252637191e+08 9.760810012e+07 
  11 2.168247802e+07 1.139423416e+08 8.878627842e+07 
  27 2.363243762e+07 1.241893853e+08 9.677098806e+07 
  28 2.280335380e+07 1.198325105e+08 9.337601022e+07 
  30 2.091559036e+07 1.099122518e+08 8.564592892e+07 
  19 2.123007164e+07 1.115649246e+08 8.693375285e+07 
**************** 
Time = 68100.0 sec 
   4 2.235456784e+07 1.174741503e+08 9.153833833e+07 
   7 1.998482562e+07 1.050210411e+08 8.183459403e+07 
   9 2.385658708e+07 1.253671703e+08 9.768871124e+07 
  11 2.166870046e+07 1.138699404e+08 8.872986203e+07 
  27 2.365160278e+07 1.242900987e+08 9.684946597e+07 
  28 2.279270372e+07 1.197765445e+08 9.333240042e+07 
  30 2.090510030e+07 1.098571261e+08 8.560297388e+07 
  19 2.124297590e+07 1.116327369e+08 8.698659360e+07 
**************** 
Time = 68130.0 sec 
   4 2.234161320e+07 1.174060735e+08 9.148529157e+07 
   7 1.998553364e+07 1.050247618e+08 8.183749326e+07 
   9 2.387628718e+07 1.254706945e+08 9.776937921e+07 
  11 2.165500682e+07 1.137979803e+08 8.867378929e+07 
  27 2.367079364e+07 1.243909472e+08 9.692804915e+07 
  28 2.278207466e+07 1.197206890e+08 9.328887673e+07 
  30 2.089468124e+07 1.098023737e+08 8.556030964e+07 
  19 2.125596536e+07 1.117009969e+08 8.703978321e+07 
**************** 
Time = 68160.0 sec 
   4 2.232873932e+07 1.173384212e+08 9.143257563e+07 
   7 1.998633970e+07 1.050289977e+08 8.184079398e+07 
   9 2.389600002e+07 1.255742853e+08 9.785009910e+07 
  11 2.164139690e+07 1.137264603e+08 8.861805947e+07 
  27 2.369000916e+07 1.244919252e+08 9.700673320e+07 
  28 2.277146606e+07 1.196649407e+08 9.324543653e+07 
  30 2.088433296e+07 1.097479931e+08 8.551793523e+07 
  19 2.126903880e+07 1.117696983e+08 8.709331672e+07 
**************** 
Time = 68190.0 sec 
   4 2.231594792e+07 1.172712025e+08 9.138019750e+07 
   7 1.998724512e+07 1.050337557e+08 8.184450151e+07 
   9 2.391572620e+07 1.256779460e+08 9.793087348e+07 
  11 2.162787242e+07 1.136553890e+08 8.856267932e+07 
  27 2.370925010e+07 1.245930364e+08 9.708552112e+07 
  28 2.276087888e+07 1.196093050e+08 9.320208414e+07 
  30 2.087405702e+07 1.096939928e+08 8.547585707e+07 
  19 2.128219694e+07 1.118388448e+08 8.714719710e+07 
**************** 
Time = 68220.0 sec 
   4 2.230323868e+07 1.172044155e+08 9.132815579e+07 
   7 1.998824918e+07 1.050390322e+08 8.184861300e+07 
   9 2.393546424e+07 1.257816688e+08 9.801169626e+07 
  11 2.161443298e+07 1.135847647e+08 8.850764745e+07 
  27 2.372851508e+07 1.246942739e+08 9.716440742e+07 
  28 2.275031224e+07 1.195537774e+08 9.315881587e+07 
  30 2.086385292e+07 1.096403701e+08 8.543407311e+07 
  19 2.129543836e+07 1.119084288e+08 8.720141841e+07 
**************** 
Time = 68250.0 sec 
   4 2.229061252e+07 1.171380651e+08 9.127645438e+07 
   7 1.998935244e+07 1.050448299e+08 8.185313072e+07 
   9 2.395521386e+07 1.258854529e+08 9.809256672e+07 
  11 2.160107948e+07 1.135145919e+08 8.845296745e+07 
  27 2.374780402e+07 1.247956374e+08 9.724339188e+07 
  28 2.273976656e+07 1.194983596e+08 9.311563329e+07 
  30 2.085372144e+07 1.095871289e+08 8.539258656e+07 
  19 2.130876288e+07 1.119784495e+08 8.725597997e+07 
**************** 
Time = 68280.0 sec 
   4 2.227807008e+07 1.170721547e+08 9.122509571e+07 
   7 1.999055504e+07 1.050511497e+08 8.185805523e+07 
   9 2.397497458e+07 1.259892953e+08 9.817348265e+07 
  11 2.158781244e+07 1.134448735e+08 8.839864153e+07 
  27 2.376711648e+07 1.248971247e+08 9.732247280e+07 
  28 2.272924178e+07 1.194430517e+08 9.307253624e+07 
  30 2.084366304e+07 1.095342717e+08 8.535139912e+07 
  19 2.132217002e+07 1.120489044e+08 8.731087990e+07 
**************** 
Time = 68310.0 sec 
   4 2.226561198e+07 1.170066875e+08 9.117408240e+07 
   7 1.999185732e+07 1.050579932e+08 8.186338788e+07 
   9 2.399474602e+07 1.260931939e+08 9.825444240e+07 
  11 2.157463254e+07 1.133756128e+08 8.834467219e+07 
  27 2.378645220e+07 1.249987343e+08 9.740164904e+07 
  28 2.271873794e+07 1.193878540e+08 9.302952510e+07 
  30 2.083367824e+07 1.094818012e+08 8.531051302e+07 
  19 2.133565940e+07 1.121197914e+08 8.736611655e+07 
**************** 
Time = 68340.0 sec 
   4 2.225323834e+07 1.169416641e+08 9.112341498e+07 
   7 1.999325898e+07 1.050653590e+08 8.186912742e+07 
   9 2.401452704e+07 1.261971432e+08 9.833544161e+07 
  11 2.156153976e+07 1.133068099e+08 8.829105966e+07 
  27 2.380581028e+07 1.251004615e+08 9.748091687e+07 
  28 2.270825456e+07 1.193327640e+08 9.298659789e+07 
  30 2.082376694e+07 1.094297169e+08 8.526992790e+07 
  19 2.134923000e+07 1.121911054e+08 8.742168585e+07 
**************** 
Time = 68370.0 sec 
   4 2.224095018e+07 1.168770898e+08 9.107309744e+07 
   7 1.999476060e+07 1.050732499e+08 8.187527619e+07 
   9 2.403431764e+07 1.263011428e+08 9.841648002e+07 
  11 2.154853508e+07 1.132384700e+08 8.823780785e+07 
  27 2.382519072e+07 1.252023065e+08 9.756027650e+07 
  28 2.269779210e+07 1.192777839e+08 9.294375632e+07 
  30 2.081393002e+07 1.093780235e+08 8.522964736e+07 
  19 2.136288184e+07 1.122628462e+08 8.747758777e+07 
**************** 
