sat.Earth.RadPer          sat.Earth.RadApo          sat.Earth.Energy          sat.Earth.SMA             sat.Earth.SemilatusRectum   sat.EarthMJ2000Eq.HX      sat.EarthMJ2000Eq.HY      sat.EarthMJ2000Eq.HZ      sat.Earth.HMAG            sat.EarthMJ2000Eq.X       sat.EarthMJ2000Eq.Y       sat.EarthMJ2000Eq.Z       
47999.99999999998         72000                     -3.321670345833334        59999.99999999999         57600.00000000001           1.455191522836685e-11     -107143.3279079943        107143.3279079944         151523.5474452733         63463.76272742193         -24045.27833564721        -24045.27833564721        
47999.99999999996         71999.99999999997         -3.321670345833335        59999.99999999997         57599.99999999998           1.818989403545856e-11     -107143.3279079943        107143.3279079943         151523.5474452733         63523.27706419955         -23966.53171635186        -23966.53171635186        
48000.00000000001         72000                     -3.321670345833334        60000                     57600.00000000001           1.455191522836685e-11     -107143.3279079943        107143.3279079944         151523.5474452733         63703.15532031273         -23725.96356661808        -23725.96356661809        
48000                     72000                     -3.321670345833334        60000                     57600.00000000001           1.455191522836685e-11     -107143.3279079943        107143.3279079944         151523.5474452733         64258.672922342           -22957.27710619248        -22957.27710619248        
47999.99999999999         72000.00000000001         -3.321670345833334        60000                     57600.00000000001           1.455191522836685e-11     -107143.3279079943        107143.3279079944         151523.5474452733         65896.0466618194          -20416.30767284417        -20416.30767284418        
48000.00000000038         72000.00000000015         -3.321670345833319        60000.00000000026         57600.00000000031           1.455191522836685e-11     -107143.3279079946        107143.3279079947         151523.5474452738         67815.34334994997         -16626.62962131822        -16626.62962131822        
48000.00000000064         72000.00000000026         -3.321670345833308        60000.00000000046         57600.00000000055           1.091393642127514e-11     -107143.3279079949        107143.3279079949         151523.5474452741         69201.84747738003         -12706.3763819135         -12706.3763819135         
48000.00000000102         72000.00000000045         -3.321670345833293        60000.00000000073         57600.00000000089           1.2732925824821e-11       -107143.3279079952        107143.3279079952         151523.5474452745         70038.26888494006         -8685.198473532004        -8685.198473532009        
48000.00000000137         72000.00000000064         -3.321670345833278        60000.000000001           57600.0000000012            1.091393642127514e-11     -107143.3279079955        107143.3279079955         151523.5474452749         70308.76001165579         -4593.945922388071        -4593.945922388078        
48000.00000000178         72000.0000000009          -3.321670345833259        60000.00000000134         57600.00000000159           1.216449163621292e-11     -107143.3279079958        107143.3279079958         151523.5474452754         69999.02132262159         -464.9143863266967        -464.9143863267045        
48000.00000000218         72000.00000000119         -3.32167034583324         60000.00000000169         57600.00000000198           1.2732925824821e-11       -107143.3279079962        107143.3279079962         151523.5474452759         69096.49264083002         3667.889451946846         3667.889451946837         
48000.00000000271         72000.0000000016          -3.321670345833214        60000.00000000215         57600.00000000247           1.455191522836685e-11     -107143.3279079966        107143.3279079967         151523.5474452766         67590.64515788338         7768.465654539405         7768.465654539394         
48000.00000000327         72000.0000000021          -3.321670345833185        60000.00000000268         57600.00000000304           1.455191522836685e-11     -107143.3279079971        107143.3279079972         151523.5474452773         65473.39328967247         11798.52656281651         11798.52656281649         
48000.00000000396         72000.00000000269         -3.321670345833149        60000.00000000333         57600.0000000037            1.818989403545856e-11     -107143.3279079978        107143.3279079978         151523.5474452782         62739.65042289969         15717.19818521945         15717.19818521943         
48000.00000000477         72000.00000000346         -3.321670345833105        60000.00000000413         57600.00000000457           1.818989403545856e-11     -107143.3279079986        107143.3279079986         151523.5474452793         59388.05774078336         19480.73084745862         19480.73084745861         
48000.00000000592         72000.00000000447         -3.321670345833046        60000.0000000052          57600.0000000057            1.818989403545856e-11     -107143.3279079996        107143.3279079996         151523.5474452808         55421.92018831141         23042.24035287414         23042.24035287413         
48000.00000000739         72000.00000000569         -3.321670345832971        60000.00000000654         57600.00000000714           2.182787284255028e-11     -107143.327908001         107143.327908001          151523.5474452827         50850.38718197918         26351.51210803877         26351.51210803876         
48000.00000000912         72000.00000000687         -3.321670345832891        60000.000000008           57600.00000000876           2.182787284255028e-11     -107143.3279080025        107143.3279080025         151523.5474452849         45795.77415327368         29299.76214791564         29299.76214791562         
48000.00000001101         72000.00000000787         -3.321670345832811        60000.00000000944         57600.00000001043           2.546585164964199e-11     -107143.3279080041        107143.3279080041         151523.5474452871         40373.17389588193         31828.34516160946         31828.34516160945         
48000.000000013           72000.00000000834         -3.321670345832743        60000.00000001067         57600.00000001202           3.274180926382542e-11     -107143.3279080055        107143.3279080056         151523.5474452892         34667.17897217575         33915.7217986929          33915.72179869288         
48000.00000001513         72000.00000000854         -3.321670345832678        60000.00000001184         57600.00000001364           2.91038304567337e-11      -107143.327908007         107143.327908007          151523.5474452913         28757.0193069803          35551.41179648401         35551.411796484           
48000.00000001746         72000.00000000832         -3.32167034583262         60000.00000001289         57600.00000001525           2.91038304567337e-11      -107143.3279080085        107143.3279080085         151523.5474452934         22718.87825709535         36732.38453920772         36732.38453920772         
48000.00000001986         72000.00000000777         -3.321670345832568        60000.00000001382         57600.00000001678           2.91038304567337e-11      -107143.32790801          107143.3279080099         151523.5474452954         16625.32148082734         37461.92155699193         37461.92155699193         
48000.00000002238         72000.00000000714         -3.321670345832517        60000.00000001476         57600.00000001842           2.887645678129047e-11     -107143.3279080115        107143.3279080115         151523.5474452976         10544.31674866798         37748.75857088836         37748.75857088837         
48000.00000002493         72000.00000000661         -3.321670345832461        60000.00000001577         57600.00000002005           2.91038304567337e-11      -107143.327908013         107143.327908013          151523.5474452997         4538.851111750902         37606.19900685977         37606.19900685979         
48000.00000002736         72000.00000000623         -3.321670345832404        60000.00000001679         57600.00000002169           3.274180926382542e-11     -107143.3279080146        107143.3279080145         151523.5474453019         -1333.628558817527        37051.28951237784         37051.28951237787         
48000.00000002963         72000.00000000633         -3.321670345832338        60000.00000001798         57600.00000002335           3.274180926382542e-11     -107143.3279080161        107143.327908016          151523.5474453041         -7021.048294034781        36104.05751589215         36104.05751589218         
48000.0000000316          72000.00000000709         -3.321670345832263        60000.00000001935         57600.00000002503           3.274180926382542e-11     -107143.3279080177        107143.3279080176         151523.5474453063         -12476.77268556619        34786.83361333892         34786.83361333895         
48000.00000003324         72000.00000000879         -3.32167034583217         60000.00000002101         57600.00000002674           3.274180926382542e-11     -107143.3279080192        107143.3279080192         151523.5474453085         -17659.44336000189        33123.63936324658         33123.6393632466          
48000.0000000345          72000.0000000115          -3.32167034583206         60000.000000023           57600.00000002851           4.365574568510056e-11     -107143.3279080209        107143.3279080208         151523.5474453108         -22532.73682964982        31139.64250651798         31139.642506518           
48000.00000003532         72000.0000000151          -3.321670345831937        60000.00000002522         57600.00000003025           4.365574568510056e-11     -107143.3279080225        107143.3279080225         151523.5474453131         -27065.05992974316        28860.66868423468         28860.6686842347          
48000.00000003575         72000.00000001962         -3.321670345831801        60000.00000002769         57600.00000003202           5.820766091346741e-11     -107143.3279080242        107143.3279080241         151523.5474453155         -31229.12823493864        26312.7997903397          26312.79979033973         
48000.00000003586         72000.00000002478         -3.321670345831655        60000.00000003032         57600.00000003375           7.275957614183426e-11     -107143.3279080258        107143.3279080257         151523.5474453177         -35001.50773475048        23522.04238555641         23522.04238555645         
48000.00000003575         72000.00000003034         -3.321670345831504        60000.00000003305         57600.00000003548           7.275957614183426e-11     -107143.3279080273        107143.3279080273         151523.54744532           -38362.11416203996        20514.07208104674         20514.07208104678         
48000.00000003548         72000.00000003619         -3.321670345831349        60000.00000003583         57600.00000003714           7.275957614183426e-11     -107143.3279080289        107143.3279080289         151523.5474453222         -41293.53772212633        17314.23260846816         17314.23260846819         
48000.00000003519         72000.00000004178         -3.321670345831203        60000.00000003848         57600.00000003869           6.912159733474255e-11     -107143.3279080304        107143.3279080303         151523.5474453242         -43780.62910478433        13947.46537765377         13947.4653776538          
48000.00000003498         72000.00000004705         -3.321670345831063        60000.00000004102         57600.00000004025           7.639755494892597e-11     -107143.3279080318        107143.3279080318         151523.5474453263         -45809.97802036311        10438.50684781789         10438.50684781793         
48000.00000003495         72000.00000005172         -3.321670345830935        60000.00000004333         57600.00000004171           7.639755494892597e-11     -107143.3279080332        107143.3279080331         151523.5474453282         -47369.60687838276        6812.077045696344         6812.07704569638          
48000.00000003515         72000.00000005544         -3.321670345830825        60000.0000000453          57600.00000004306           7.457856554538012e-11     -107143.3279080344        107143.3279080344         151523.54744533           -48448.76707713978        3093.188603055714         3093.188603055749         
48000.00000003564         72000.00000005837         -3.321670345830731        60000.000000047           57600.00000004435           7.253220246639103e-11     -107143.3279080356        107143.3279080356         151523.5474453317         -49037.91614313427        -692.4465005332245        -692.4465005331915        
48000.00000003642         72000.00000006032         -3.321670345830656        60000.00000004837         57600.00000004552           7.639755494892597e-11     -107143.3279080367        107143.3279080367         151523.5474453332         -49128.93223717468        -4518.187383315512        -4518.18738331548         
48000.00000003749         72000.00000006131         -3.321670345830599        60000.0000000494          57600.00000004661           7.275957614183426e-11     -107143.3279080377        107143.3279080377         151523.5474453346         -48715.43786251245        -8356.239211201619        -8356.23921120159         
48000.00000003879         72000.00000006144         -3.321670345830559        60000.00000005012         57600.0000000476            6.184563972055912e-11     -107143.3279080386        107143.3279080386         151523.5474453359         -47793.19045854593        -12177.6534751152         -12177.65347511518        
48000.00000004029         72000.00000006103         -3.321670345830529        60000.00000005066         57600.00000004855           5.820766091346741e-11     -107143.3279080395        107143.3279080395         151523.5474453372         -46360.6618235103         -15951.89655213855        -15951.89655213853        
48000.00000004192         72000.00000005994         -3.321670345830514        60000.00000005093         57600.00000004939           6.548361852765083e-11     -107143.3279080403        107143.3279080402         151523.5474453383         -44419.47463391216        -19647.35648748375        -19647.35648748374        
48000.0000000436          72000.00000005857         -3.321670345830505        60000.00000005109         57600.00000005016           6.548361852765083e-11     -107143.327908041         107143.327908041          151523.5474453393         -41974.816610649          -23231.43892056159        -23231.43892056157        
48000.00000004529         72000.00000005703         -3.321670345830501        60000.00000005116         57600.00000005085           7.275957614183426e-11     -107143.3279080417        107143.3279080416         151523.5474453402         -39035.83895754828        -26670.74528290565        -26670.74528290563        
48000.00000004693         72000.00000005547         -3.321670345830499        60000.0000000512          57600.00000005154           8.003553375601768e-11     -107143.3279080423        107143.3279080423         151523.5474453411         -35615.88897314088        -29931.42392706437        -29931.42392706436        
48000.00000004849         72000.00000005402         -3.321670345830496        60000.00000005125         57600.00000005223           8.003553375601768e-11     -107143.3279080429        107143.3279080429         151523.547445342          -31732.8200756943         -32979.36167029708        -32979.36167029706        
48000.00000004997         72000.00000005281         -3.321670345830488        60000.00000005139         57600.00000005287           8.003553375601768e-11     -107143.3279080435        107143.3279080435         151523.5474453429         -27409.15915171157        -35780.51103344351        -35780.51103344349        
48000.0000000513          72000.0000000517          -3.321670345830482        60000.00000005151         57600.00000005349           9.458744898438454e-11     -107143.3279080441        107143.3279080441         151523.5474453437         -22672.60469250428        -38301.01422443472        -38301.0142244347         
48000.00000005252         72000.00000005089         -3.321670345830471        60000.0000000517          57600.00000005408           8.731149137020111e-11     -107143.3279080447        107143.3279080447         151523.5474453445         -17556.30390715355        -40507.59911285058        -40507.59911285057        
48000.00000005368         72000.00000005032         -3.321670345830455        60000.000000052           57600.00000005472           6.912159733474255e-11     -107143.3279080453        107143.3279080452         151523.5474453453         -12099.13119193555        -42368.00393666988        -42368.00393666988        
48000.00000005472         72000.00000004997         -3.321670345830436        60000.00000005234         57600.00000005537           6.912159733474255e-11     -107143.3279080459        107143.3279080458         151523.5474453462         -6346.359813838831        -43851.37464707441        -43851.37464707442        
48000.00000005573         72000.00000004984         -3.321670345830411        60000.00000005279         57600.00000005608           7.09405867382884e-11      -107143.3279080465        107143.3279080465         151523.5474453471         -349.6315873300174        -44929.02814586076        -44929.02814586078        
48000.00000005573         72000.00000004985         -3.321670345830411        60000.00000005279         57600.00000005605           6.912159733474255e-11     -107143.3279080465        107143.3279080465         151523.5474453471         -27.82926024798291        -44974.07306068204        -44974.07306068206        
