sat.Earth.RadPer          sat.Earth.RadApo          sat.Earth.Energy          sat.Earth.SMA             sat.Earth.SemilatusRectum   sat.EarthMJ2000Eq.HX      sat.EarthMJ2000Eq.HY      sat.EarthMJ2000Eq.HZ      sat.Earth.HMAG            sat.EarthMJ2000Eq.X       sat.EarthMJ2000Eq.Y       sat.EarthMJ2000Eq.Z       
11000.00000000001         43999.99999999999         -7.247280754545454        27500                     17600                       -0                        0                         83757.7922965977          83757.7922965977          38783.41055564674         -20780.9303370217         0                         
11000                     44000                     -7.247280754545455        27500                     17600                       4.276134687154225e-15     7.995329593428242e-15     83757.7922965977          83757.7922965977          38837.02686752732         -20680.08163572845        -8.695179487821557e-18    
11000.00000000001         43999.99999999999         -7.247280754545454        27500                     17600                       -1.503307480428334e-15    -2.890860841560463e-15    83757.7922965977          83757.7922965977          39017.31563030538         -20328.80814713351        -1.345940142177407e-18    
11000.00000000001         44000                     -7.247280754545454        27500                     17600                       1.123975052723676e-14     2.289029704178975e-14     83757.7922965977          83757.7922965977          39536.18481663235         -19189.83210429428        -6.107965537329555e-17    
11000.00000000018         44000.0000000004          -7.247280754545378        27500.00000000029         17600.00000000026           6.054036157668931e-14     1.372776114623562e-13     83757.79229659832         83757.79229659832         40417.11223822625         -16452.23006978961        -2.248671274799464e-15    
11000.00000000057         44000.00000000156         -7.247280754545175        27500.00000000106         17600.00000000086           4.343670976492509e-14     8.857108228237967e-14     83757.79229659974         83757.79229659974         40879.00714923663         -13307.40148365948        -7.127678522515936e-15    
11000.00000000094         44000.00000000312         -7.247280754544919        27500.00000000203         17600.00000000147           5.34596216525308e-14      1.255707726743449e-13     83757.79229660118         83757.79229660118         40812.55961481926         -10038.52509028517        -1.099931861049153e-14    
11000.00000000124         44000.00000000505         -7.247280754544626        27500.00000000315         17600.000000002             5.567499402985224e-14     1.345045929085544e-13     83757.79229660245         83757.79229660245         40223.10930903955         -6751.50007699745         -1.58948029163641e-14     
11000.00000000144         44000.00000000729         -7.247280754544304        27500.00000000437         17600.00000000242           5.954127446343732e-14     1.589821209831443e-13     83757.79229660344         83757.79229660344         39139.13603623048         -3521.610850863073        -2.113858102154563e-14    
11000.00000000149         44000.00000000956         -7.247280754543999        27500.00000000553         17600.00000000269           6.102195342156097e-14     1.763196106930034e-13     83757.79229660409         83757.79229660409         37621.07033975928         -449.2135222241524        -2.646328165785873e-14    
11000.00000000144         44000.00000001191         -7.247280754543694        27500.00000000668         17600.0000000028            6.113667971717327e-14     1.739612899967598e-13     83757.79229660437         83757.79229660437         35731.8611477571          2413.821751163309         -3.109488472571795e-14    
11000.00000000127         44000.00000001468         -7.247280754543354        27500.00000000797         17600.00000000279           5.626311405359443e-14     2.266543684433802e-13     83757.79229660434         83757.79229660434         33533.67404807902         5031.323537109922         -3.61408807866085e-14     
11000.00000000094         44000.00000001859         -7.247280754542881        27500.00000000976         17600.0000000027            8.262951932603842e-14     9.264368818321377e-14     83757.79229660412         83757.79229660412         31091.13558086919         7373.523318968087         -3.882810057845689e-14    
11000.00000000047         44000.0000000248          -7.247280754542125        27500.00000001263         17600.00000000259           1.241208128436494e-13     -5.552657280598883e-14    83757.79229660386         83757.79229660386         28473.86108472569         9416.311554756669         -3.595299244350236e-14    
11000.00000000031         44000.00000002778         -7.247280754541754        27500.00000001404         17600.0000000026            1.779756433647143e-13     -2.022193877721808e-13    83757.79229660389         83757.79229660389         26066.81792102452         10964.18046962891         -2.89177730401014e-14     
10999.99999999971         44000.00000003853         -7.247280754540418        27500.00000001911         17600.00000000271           1.510149781566417e-13     -1.309383217329989e-13    83757.79229660414         83757.79229660414         23385.50801973421         12379.05644551391         -2.281183702171127e-14    
10999.9999999995          44000.00000004314         -7.247280754539837        27500.00000002132         17600.0000000028            1.245674975291153e-13     -8.571467331672426e-14    83757.79229660437         83757.79229660437         21003.72182599061         13395.9871512265          -1.752849930714346e-14    
10999.99999999881         44000.00000005837         -7.24728075453792         27500.00000002859         17600.00000000315           1.247598636237907e-13     -9.250996478638927e-14    83757.7922966052          83757.7922966052          18416.42842674563         14267.76587629719         -1.167318948306396e-14    
10999.99999999855         44000.00000006479         -7.247280754537108        27500.00000003167         17600.00000000333           1.856781108877189e-13     -1.750922184831045e-13    83757.79229660561         83757.79229660561         16141.71544375288         14844.96696606142         -4.750901614955596e-15    
10999.9999999978          44000.00000008311         -7.247280754534794        27500.00000004045         17600.00000000384           2.362210899794339e-13     -2.349812241302426e-13    83757.79229660683         83757.79229660683         13719.63427227137         15270.59698671535         4.148110900445739e-15     
10999.99999999691         44000.00000010581         -7.24728075453192         27500.00000005136         17600.00000000452           2.536178897490835e-13     -2.451739971690169e-13    83757.79229660844         83757.79229660844         11355.23982756668         15498.80419703615         1.098419369038616e-14     
10999.99999999601         44000.00000012945         -7.247280754528923        27500.00000006273         17600.00000000525           1.957334368021808e-13     -2.144412719892251e-13    83757.79229661018         83757.79229661018         9082.182341652142         15540.17328913642         1.856266409403278e-14     
10999.9999999952          44000.00000015134         -7.247280754526145        27500.00000007327         17600.00000000597           -9.754261683098759e-14    -6.54577688449957e-14     83757.79229661189         83757.79229661189         6911.400071688007         15409.53865944097         2.009162398379151e-14     
10999.99999999503         44000.00000015643         -7.247280754525498        27500.00000007573         17600.00000000614           -2.490414236325931e-13    -1.116150764617946e-15    83757.79229661232         83757.79229661232         5076.795766807558         15161.19751507499         1.529713943413564e-14     
10999.9999999949          44000.0000001619          -7.247280754524795        27500.00000007839         17600.00000000642           -1.812102601212431e-13    -1.769398101725828e-14    83757.79229661297         83757.79229661297         3208.999788324174         14767.68097843676         1.006238022950738e-14     
10999.99999999505         44000.00000016085         -7.247280754524912        27500.00000007795         17600.00000000653           3.320469145634866e-14     -4.678320775886048e-14    83757.79229661325         83757.79229661325         1471.630008938564         14261.26116962645         7.382268644660741e-15     
10999.99999999541         44000.0000001551          -7.247280754525622        27500.00000007526         17600.00000000653           -6.713631406734986e-14    -4.589506595921811e-14    83757.79229661323         83757.79229661323         -117.5653754520268        13664.9849238751          7.393490939328586e-15     
10999.99999999588         44000.00000014679         -7.247280754526656        27500.00000007133         17600.00000000646           -1.521075460269441e-13    -4.845846152117402e-14    83757.79229661307         83757.79229661307         -1574.42496421394         12990.95544868147         4.656758330518308e-15     
10999.99999999642         44000.000000137           -7.247280754527874        27500.00000006671         17600.00000000638           -1.299333437509098e-13    -4.503459730727859e-14    83757.79229661287         83757.79229661287         -2918.273358052233        12243.99754632733         2.0561965498009e-15       
10999.99999999702         44000.00000012645         -7.247280754529186        27500.00000006173         17600.0000000063            -3.519529616456744e-13    -1.08602849156159e-13     83757.79229661269         83757.79229661269         -4165.450967007067        11424.02477949403         -2.690629234188601e-15    
10999.99999999766         44000.00000011602         -7.247280754530475        27500.00000005684         17600.00000000628           -1.346816654865208e-13    -1.453276839024677e-14    83757.79229661265         83757.79229661265         -5328.95647148593         10526.69245990437         -6.742426393592878e-15    
10999.99999999832         44000.00000010717         -7.247280754531555        27500.00000005274         17600.00000000641           -7.01478801000164e-14     2.779274845751651e-14     83757.79229661296         83757.79229661296         -6419.158012426518        9542.83042767185          -8.542629797522823e-15    
10999.9999999989          44000.00000010316         -7.247280754532007        27500.00000005103         17600.00000000684           -5.76726620074679e-14     3.964530669027007e-14     83757.79229661397         83757.79229661397         -7445.059796844638        8455.896065833393         -9.128858213598496e-15    
10999.99999999907         44000.00000010887         -7.247280754531232        27500.00000005397         17600.00000000752           -6.633680645266928e-14    2.507054716494221e-14     83757.79229661559         83757.79229661559         -8364.203866233629        7306.40036648292          -8.811479001085026e-15    
10999.99999999892         44000.00000012005         -7.247280754529779        27500.00000005948         17600.00000000822           -1.949713295016244e-14    7.999062337844431e-14     83757.79229661726         83757.79229661726         -9163.80213780287         6119.776337253312         -7.977676756294553e-15    
10999.99999999867         44000.00000013197         -7.247280754528241        27500.00000006532         17600.00000000886           -1.039020750004437e-13    -5.521001287749059e-14    83757.79229661878         83757.79229661878         -9850.67926751304         4899.580418688383         -8.990209715434056e-15    
10999.99999999848         44000.00000014181         -7.247280754526969        27500.00000007014         17600.0000000094            -1.045262696939003e-13    -6.368618745130702e-14    83757.79229662006         83757.79229662006         -10432.35043868517        3643.371497417001         -1.0248864157212e-14      
10999.99999999844         44000.00000014771         -7.247280754526198        27500.00000007307         17600.00000000981           -9.920377966208952e-14    -4.966405977980076e-14    83757.79229662105         83757.79229662105         -10913.91060653534        2346.023379188745         -1.153550148852971e-14    
10999.99999999861         44000.0000001482          -7.247280754526109        27500.00000007341         17600.00000001008           -1.014866562574309e-13    -6.022532789223645e-14    83757.79229662167         83757.79229662167         -11297.44989274475        1000.484520797337         -1.296937127577829e-14    
10999.99999999905         44000.0000001424          -7.247280754526816        27500.00000007073         17600.00000001018           -1.024675940974495e-13    -7.548984031252615e-14    83757.7922966219          83757.7922966219          -11581.7977303624         -402.2366319173195        -1.453146858926834e-14    
10999.99999999981         44000.00000012915         -7.247280754528461        27500.00000006448         17600.00000001008           -1.048404079657829e-13    -5.467586554221988e-14    83757.79229662169         83757.79229662169         -11761.91510605666        -1871.494706530765        -1.594418303655553e-14    
11000.00000000084         44000.00000010877         -7.247280754531013        27500.0000000548          17600.00000000978           -1.061469997175456e-13    -4.499344403474513e-14    83757.79229662097         83757.79229662097         -11828.77538449753        -3408.877804690066        -1.682191150805461e-14    
11000.00000000139         44000.00000009769         -7.247280754532401        27500.00000004953         17600.00000000958           -8.963348907828523e-14    -9.433935724980159e-14    83757.79229662049         83757.79229662049         -11780.97144162566        -4886.461240766188        -1.811121265412939e-14    
11000.00000000164         44000.00000009187         -7.247280754533133        27500.00000004676         17600.00000000946           -1.237412723081776e-13    -2.093048101837662e-14    83757.79229662022         83757.79229662022         -11633.53782884742        -6314.712664136086        -1.876504505245321e-14    
11000.0000000018          44000.00000008858         -7.247280754533545        27500.00000004519         17600.00000000939           -1.318891090426648e-13    -4.820818295920891e-15    83757.79229662004         83757.79229662004         -11392.56833021259        -7722.413134062414        -1.838377057327121e-14    
11000.00000000188         44000.00000008661         -7.247280754533794        27500.00000004425         17600.00000000934           -7.462274907538912e-14    -7.834753774819332e-14    83757.79229661993         83757.79229661993         -11058.0722522626         -9126.951094713355        -1.838942806542003e-14    
11000.00000000192         44000.00000008566         -7.247280754533914        27500.00000004379         17600.00000000931           -4.641191909230944e-14    -1.136048411021259e-13    83757.79229661984         83757.79229661984         -10626.74038503107        -10538.59163176879        -2.018250954783758e-14    
11000.00000000192         44000.00000008547         -7.247280754533939        27500.0000000437          17600.00000000929           -1.353009866434265e-13    -3.651776779989601e-14    83757.79229661981         83757.79229661981         -10092.82312379838        -11964.05169285558        -2.152002027405283e-14    
11000.00000000188         44000.00000008594         -7.247280754533882        27500.00000004391         17600.00000000929           6.057325207570226e-14     -1.899036531253453e-13    83757.79229661981         83757.79229661981         -9448.565378674184        -13407.54683243624        -2.356570936710644e-14    
11000.00000000183         44000.00000008715         -7.24728075453373         27500.00000004449         17600.00000000932           1.395647952800162e-13     -2.412176359395198e-13    83757.79229661987         83757.79229661987         -8684.576921488217        -14870.92831737521        -2.835639416558621e-14    
11000.00000000175         44000.00000008893         -7.247280754533506        27500.00000004534         17600.00000000936           1.424556372739186e-13     -2.428235784729788e-13    83757.79229661997         83757.79229661997         -7790.399640824521        -16353.24701803958        -3.416001707624091e-14    
11000.00000000164         44000.0000000912          -7.247280754533221        27500.00000004642         17600.0000000094            1.061273637644855e-13     -2.240580292286504e-13    83757.79229662007         83757.79229662007         -6755.839470529845        -17849.45457477055        -3.918840375092445e-14    
11000.00000000152         44000.00000009394         -7.247280754532877        27500.00000004773         17600.00000000947           1.658392021238949e-13     -2.450455560620935e-13    83757.79229662023         83757.79229662023         -5572.679608805865        -19349.51664955642        -4.55759902719029e-14     
11000.0000000014          44000.00000009691         -7.2472807545325          27500.00000004916         17600.00000000956           7.345049419968849e-14     -2.206793251903896e-13    83757.79229662044         83757.79229662044         -4236.023157600751        -20838.73829348872        -5.118975312619505e-14    
11000.0000000013          44000.00000009979         -7.247280754532134        27500.00000005055         17600.00000000964           1.234141659187301e-13     -2.282982765734026e-13    83757.79229662064         83757.79229662064         -2743.871090104999        -22299.97431415172        -5.673995232285872e-14    
11000.0000000012          44000.00000010244         -7.247280754531799        27500.00000005182         17600.00000000973           3.46989396465393e-13      -2.480958318326211e-13    83757.79229662086         83757.79229662086         -1095.218437046629        -23716.07696703129        -6.571126706613972e-14    
11000.00000000112         44000.00000010474         -7.247280754531506        27500.00000005293         17600.00000000981           2.10171229571334e-13      -2.428270587858321e-13    83757.79229662105         83757.79229662105         711.4244547072659         -25070.55776818654        -7.446866239350006e-14    
11000.00000000106         44000.00000010669         -7.247280754531257        27500.00000005387         17600.00000000989           3.408978216130564e-13     -2.343449464342206e-13    83757.79229662124         83757.79229662124         2677.852955490243         -26346.44041880183        -8.461337403336855e-14    
11000.00000000103         44000.00000010832         -7.247280754531045        27500.00000005468         17600.00000000999           2.685135610890701e-13     -2.438356870213196e-13    83757.79229662147         83757.79229662147         4804.805213286649         -27524.7221807417         -9.553337882681747e-14    
11000.00000000102         44000.00000010968         -7.247280754530869        27500.00000005535         17600.00000001008           1.900592937128243e-13     -2.63790110879725e-13     83757.79229662167         83757.79229662167         7090.194090847562         -28583.35167183988        -1.061102799432384e-13    
11000.00000000103         44000.00000011078         -7.247280754530723        27500.0000000559          17600.00000001018           3.260183742928054e-13     -2.254259870637644e-13    83757.7922966219          83757.7922966219          9527.442703608418         -29496.96516377397        -1.164727913825511e-13    
11000.00000000104         44000.00000011166         -7.247280754530604        27500.00000005635         17600.00000001026           6.423447441659239e-13     -1.224751944209317e-13    83757.79229662211         83757.79229662211         12103.77987853827         -30237.20138244304        -1.370392675457708e-13    
11000.00000000107         44000.00000011236         -7.247280754530508        27500.00000005672         17600.00000001036           7.738651319927994e-13     -6.667978546299615e-14    83757.79229662234         83757.79229662234         14799.8561244905          -30773.84882864004        -1.61239759080449e-13     
11000.00000000111         44000.00000011296         -7.247280754530424        27500.00000005704         17600.00000001046           1.138109116514238e-12     1.190502971930542e-13     83757.79229662259         83757.79229662259         17589.40120573296         -31076.0103171269         -1.948361955941965e-13    
11000.00000000116         44000.00000011348         -7.247280754530349        27500.00000005732         17600.00000001056           1.220172070586452e-12     1.683786803405831e-13     83757.79229662284         83757.79229662284         20440.49838211355         -31113.30922188423        -2.352271561449399e-13    
11000.00000000126         44000.00000011418         -7.247280754530244        27500.00000005772         17600.00000001074           1.183718350027004e-12     1.433117604254435e-13     83757.79229662326         83757.79229662326         23395.11216554701         -30844.92103500368        -2.778581311595301e-13    
11000.00000000135         44000.00000011468         -7.247280754530165        27500.00000005802         17600.00000001091           1.302136975169676e-12     2.409297425440991e-13     83757.79229662365         83757.79229662365         26257.81625100879         -30254.90227077812        -3.211876396835108e-13    
11000.0000000015          44000.00000011531         -7.247280754530063        27500.0000000584          17600.00000001113           9.606367473927218e-13     -7.055433589433057e-14    83757.79229662419         83757.79229662419         29086.66500472194         -29299.89201390151        -3.582825294532471e-13    
11000.00000000166         44000.00000011591         -7.247280754529964        27500.00000005878         17600.0000000114            9.721760367291916e-13     -5.491591769277987e-14    83757.79229662483         83757.79229662483         31761.19114845544         -27975.52978431781        -3.869940925467466e-13    
11000.00000000187         44000.0000001165          -7.247280754529858        27500.00000005918         17600.00000001172           9.162565252243033e-13     -1.14537810644273e-13     83757.79229662559         83757.79229662559         34224.27507184492         -26270.61549352606        -4.103163800789427e-13    
11000.00000000215         44000.00000011711         -7.24728075452974         27500.00000005963         17600.00000001213           7.8853555895952e-13       -2.930241413016462e-13    83757.79229662656         83757.79229662656         36403.67485279406         -24188.35496268033        -4.273436901716071e-13    
11000.00000000251         44000.00000011778         -7.247280754529605        27500.00000006014         17600.00000001263           7.430183070328282e-13     -3.671198436269335e-13    83757.79229662774         83757.79229662774         38228.29899710795         -21742.77616733286        -4.344256168940064e-13    
11000.00000000293         44000.00000011859         -7.247280754529442        27500.00000006076         17600.00000001323           6.886163661576914e-13     -4.637187526656604e-13    83757.79229662918         83757.79229662918         39625.34068323708         -18970.01631228002        -4.308066082214674e-13    
11000.00000000339         44000.00000011965         -7.247280754529243        27500.00000006152         17600.0000000139            7.187483057270296e-13     -3.942999506922693e-13    83757.79229663077         83757.79229663077         40530.59183378507         -15937.66073051314        -4.228324562974767e-13    
11000.0000000038          44000.00000012096         -7.247280754529015        27500.00000006238         17600.00000001454           7.664241863784003e-13     -2.529219346671305e-13    83757.79229663231         83757.79229663231         40906.0210918903          -12735.92385014563        -4.127682629317805e-13    
11000.00000000416         44000.00000012261         -7.247280754528749        27500.00000006339         17600.00000001514           7.663646462704216e-13     -2.54052804060939e-13     83757.79229663374         83757.79229663374         40745.53803816675         -9454.505020409577        -4.014896099226874e-13    
11000.00000000446         44000.00000012459         -7.24728075452845         27500.00000006452         17600.00000001566           7.590790186087347e-13     -2.86943027317857e-13     83757.79229663496         83757.79229663496         40065.76565175883         -6171.993618241708        -3.842519211844417e-13    
11000.00000000463         44000.00000012689         -7.247280754528125        27500.00000006576         17600.00000001608           7.550251933128626e-13     -3.187461805063508e-13    83757.79229663596         83757.79229663596         38899.14160650349         -2962.034667056964        -3.619241662966331e-13    
11000.00000000469         44000.00000012919         -7.247280754527814        27500.00000006694         17600.00000001633           7.542044919662326e-13     -3.308696893288954e-13    83757.79229663656         83757.79229663656         37310.38362401006         76.5143902989127          -3.356624125680703e-13    
11000.0000000046          44000.00000013157         -7.247280754527511        27500.00000006809         17600.00000001642           7.53830486587538e-13      -3.275711970582172e-13    83757.79229663676         83757.79229663676         35361.60611517052         2898.335676946233         -3.069236276679452e-13    
11000.00000000439         44000.00000013447         -7.247280754527157        27500.00000006943         17600.00000001639           7.574637728232139e-13     -3.561901899655342e-13    83757.79229663669         83757.79229663669         33115.11496168003         5468.881534228727         -2.762195293046387e-13    
11000.00000000405         44000.00000013869         -7.247280754526647        27500.00000007137         17600.00000001629           7.765515081534902e-13     -4.557110348495109e-13    83757.79229663646         83757.79229663646         30636.21590563737         7759.412500569286         -2.418228705628547e-13    
11000.00000000355         44000.00000014547         -7.247280754525818        27500.00000007451         17600.00000001619           7.537681671861063e-13     -3.698483078549546e-13    83757.79229663622         83757.79229663622         27995.63082967411         9746.928267447871         -2.089039113069579e-13    
11000.00000000338         44000.00000014858         -7.247280754525432        27500.00000007598         17600.00000001621           7.36523203543845e-13      -3.20147824506897e-13     83757.79229663627         83757.79229663627         25584.34855037667         11241.43437946587         -1.820074905985187e-13    
11000.00000000277         44000.00000015986         -7.247280754524025        27500.00000008132         17600.00000001633           6.550734385267223e-13     -1.515196323245082e-13    83757.79229663656         83757.79229663656         22905.45112855194         12601.36619410074         -1.563484172659545e-13    
11000.00000000254         44000.00000016458         -7.247280754523433        27500.00000008356         17600.00000001643           7.545542907191024e-13     -3.221405761010423e-13    83757.79229663679         83757.79229663679         20531.84152368343         13572.57232045602         -1.327651141065441e-13    
11000.00000000187         44000.00000018021         -7.247280754521462        27500.00000009104         17600.00000001681           7.558669514692573e-13     -3.270897574302892e-13    83757.79229663769         83757.79229663769         17958.75990675113         14397.88359463224         -1.058412907901152e-13    
11000.0000000016          44000.00000018682         -7.247280754520627        27500.00000009421         17600.00000001699           7.236734548314745e-13     -2.873384250475201e-13    83757.79229663812         83757.79229663812         15695.57747909507         14937.92596489773         -8.436507775438662e-14    
11000.00000000087         44000.00000020547         -7.247280754518266        27500.00000010317         17600.00000001753           7.533351323803284e-13     -3.167160099667274e-13    83757.79229663941         83757.79229663941         13289.98127331733         15325.87490475466         -6.158065669300659e-14    
11000.00000000086         44000.00000020541         -7.247280754518275        27500.00000010313         17600.00000001752           7.721610165095293e-13     -3.327326583258872e-13    83757.7922966394          83757.7922966394          12591.85772184895         15402.65704524729         -5.489608200291178e-14    
