sat.Earth.RadPer          sat.Earth.RadApo          sat.Earth.Energy          sat.Earth.SMA             sat.Earth.SemilatusRectum   sat.EarthMJ2000Eq.HX      sat.EarthMJ2000Eq.HY      sat.EarthMJ2000Eq.HZ      sat.Earth.HMAG            sat.EarthMJ2000Eq.X       sat.EarthMJ2000Eq.Y       sat.EarthMJ2000Eq.Z       
15000.00000000003         105000                    -3.321670345833334        60000                     26250.00000000004           -0                        0                         102290.0854891373         102290.0854891373         92551.32064415696         -49590.8564860745         0                         
15000.00000000003         105000                    -3.321670345833333        60000.00000000001         26250.00000000005           1.861221278038423e-15     3.474982902459503e-15     102290.0854891373         102290.0854891373         92578.86955090612         -49539.30422353267        -1.579104442054743e-18    
15000.00000000003         105000                    -3.321670345833334        60000                     26250.00000000004           2.229735625754949e-15     4.168659282964232e-15     102290.0854891373         102290.0854891373         92669.29546767472         -49368.11814867672        -8.106020353436691e-18    
15000.00000000001         104999.9999999999         -3.321670345833335        59999.99999999998         26250.00000000004           1.087216182398957e-14     2.044469195940926e-14     102290.0854891373         102290.0854891373         92934.41482820897         -48847.70017043825        -1.145938442012114e-16    
15000.00000000002         104999.9999999999         -3.321670345833334        59999.99999999999         26250.00000000004           1.466229875187994e-15     3.558379706840172e-15     102290.0854891373         102290.0854891373         93650.57269266163         -47274.5679118402         3.021563179743999e-16     
15000.00000000003         104999.9999999999         -3.321670345833334        59999.99999999999         26250.00000000004           -3.707977721948601e-14    -7.464905875825996e-14    102290.0854891373         102290.0854891373         94546.46353168917         -44778.97055939667        1.594033277446157e-15     
15000.00000000003         105000                    -3.321670345833334        60000                     26250.00000000004           9.054180407826747e-14     2.022079188249835e-13     102290.0854891373         102290.0854891373         95202.32603212936         -42169.70517928142        -9.066570742149502e-16    
15000.00000000005         105000                    -3.321670345833333        60000.00000000001         26250.00000000005           1.41496844927582e-13      3.181643486427592e-13     102290.0854891373         102290.0854891373         95613.05677189099         -39451.88032181341        -9.548961242057362e-15    
15000.00000000002         105000                    -3.321670345833333        60000.00000000001         26250.00000000007           1.217771075651528e-13     2.703420456586952e-13     102290.0854891373         102290.0854891373         95772.62307160429         -36630.44903032869        -1.720755720278369e-14    
15000.00000000005         105000                    -3.321670345833333        60000.00000000001         26250.00000000007           7.614807489621752e-14     1.514663906658848e-13     102290.0854891374         102290.0854891374         95673.96023919294         -33710.28987037285        -2.130618959329279e-14    
15000.00000000003         105000                    -3.321670345833334        60000                     26250.00000000006           1.088384742481032e-13     2.453995856018681e-13     102290.0854891373         102290.0854891373         95308.84398704421         -30696.29480742658        -2.776819594062e-14       
15000.00000000005         105000                    -3.321670345833333        60000.00000000001         26250.00000000007           1.067330747394602e-13     2.39996362312665e-13      102290.0854891373         102290.0854891373         94667.7320068259          -27593.46867625716        -3.403893928878678e-14    
15000.00000000001         104999.9999999999         -3.321670345833335        59999.99999999998         26250.00000000006           1.282621636641883e-13     3.139733404193702e-13     102290.0854891373         102290.0854891373         93739.56666563379         -24407.04638844512        -4.262463694577703e-14    
15000.00000000003         104999.9999999999         -3.321670345833335        59999.99999999998         26250.00000000005           1.430720410375125e-13     3.750919374259422e-13     102290.0854891373         102290.0854891373         92511.52797991672         -21142.63619300108        -5.186603110449467e-14    
15000.00000000003         104999.9999999999         -3.321670345833335        59999.99999999996         26250.00000000004           1.354677820405237e-13     3.398586119812638e-13     102290.0854891373         102290.0854891373         90968.72206229228         -17806.40063982981        -6.131261282082673e-14    
15000.00000000005         104999.9999999999         -3.321670345833336        59999.99999999996         26250.00000000005           1.399217337832661e-13     3.654157531394588e-13     102290.0854891373         102290.0854891373         89093.7845513526          -14405.29206773892        -7.04099143056848e-14     
15000.00000000002         104999.9999999998         -3.321670345833339        59999.9999999999          26250.00000000004           1.378998095387246e-13     3.474751886863701e-13     102290.0854891373         102290.0854891373         86866.37022789428         -10947.3675909625         -7.991896038962982e-14    
15000.00000000003         104999.9999999996         -3.321670345833344        59999.9999999998          26250.00000000004           1.387149949787851e-13     3.552006563895671e-13     102290.0854891373         102290.0854891373         84262.48764797352         -7442.221691544425        -8.842487986888884e-14    
15000.00000000004         104999.9999999991         -3.321670345833358        59999.99999999956         26250.00000000002           1.378633718851715e-13     3.413052255865462e-13     102290.0854891373         102290.0854891373         81253.61880953859         -3901.596250942884        -9.649285784816239e-14    
15000.00000000003         104999.9999999978         -3.321670345833393        59999.99999999893         26249.99999999999           1.376481171050807e-13     3.341808806343297e-13     102290.0854891372         102290.0854891372         77805.53462781986         -340.2649276119838        -1.035884881515763e-13    
15000.00000000003         104999.9999999945         -3.321670345833486        59999.99999999725         26249.99999999985           1.377276163487056e-13     3.299182838000545e-13     102290.0854891369         102290.0854891369         73876.67048756215         3222.645635950872         -1.098646793948844e-13    
14999.99999999995         104999.9999999846         -3.321670345833761        59999.99999999227         26249.99999999945           1.391981833541019e-13     3.151904589632826e-13     102290.0854891362         102290.0854891362         69415.85043635705         6761.614374064247         -1.152971625570452e-13    
14999.99999999978         104999.9999999526         -3.321670345834651        59999.99999997619         26249.99999999816           1.498986492196834e-13     2.359422464693094e-13     102290.0854891336         102290.0854891336         64359.02270845322         10241.44670873514         -1.179363616225767e-13    
14999.9999999997          104999.9999999393         -3.32167034583502         59999.99999996953         26249.99999999765           1.426733631126257e-13     2.813115825472813e-13     102290.0854891326         102290.0854891326         59729.78405966243         13005.69991758143         -1.190780429744277e-13    
14999.99999999954         104999.9999998999         -3.321670345836116        59999.99999994973         26249.99999999616           1.039538709127919e-13     4.464924734771025e-13     102290.0854891297         102290.0854891297         54617.86613135671         15646.01103399543         -1.238005102001367e-13    
14999.99999999951         104999.9999998859         -3.321670345836505        59999.99999994271         26249.99999999566           8.319253331585269e-14     5.126339020554951e-13     102290.0854891288         102290.0854891288         50062.34299133492         17665.55370543092         -1.292478621162881e-13    
14999.99999999931         104999.9999998475         -3.321670345837575        59999.99999992339         26249.99999999422           7.690801894181329e-14     5.262647466544044e-13     102290.085489126          102290.085489126          45109.97572345049         19526.31299095514         -1.343759657737767e-13    
14999.99999999929         104999.9999998349         -3.321670345837925        59999.99999991707         26249.99999999374           1.500461909189982e-13     3.722790286944637e-13     102290.085489125          102290.085489125          40724.34968495996         20893.36932312854         -1.357775459785604e-13    
14999.99999999902         104999.9999998083         -3.321670345838667        59999.99999990366         26249.9999999925            2.146129434335482e-13     2.507610257897816e-13     102290.0854891226         102290.0854891226         36012.22367048324         22072.66420361287         -1.296670461824132e-13    
14999.99999999853         104999.9999997957         -3.32167034583903         59999.9999998971          26249.99999999136           8.55759637966835e-14      4.611860870251898e-13     102290.0854891204         102290.0854891204         31371.44313942872         22939.19272837959         -1.296692436304424e-13    
14999.99999999829         104999.9999998019         -3.321670345838863        59999.99999990011         26249.99999999119           9.673261948662596e-14     4.452853124613585e-13     102290.0854891201         102290.0854891201         27372.65723259923         23445.16482521591         -1.279460889952548e-13    
14999.99999999807         104999.9999998132         -3.321670345838557        59999.99999990565         26249.99999999122           1.87507095885067e-13      3.430681202688768e-13     102290.0854891201         102290.0854891201         23728.42533585223         23704.16341258618         -1.229971687773369e-13    
14999.99999999786         104999.9999998279         -3.321670345838156        59999.9999999129          26249.99999999136           3.298990261962214e-13     2.070937065955005e-13     102290.0854891204         102290.0854891204         20345.14758293784         23762.80440222993         -1.137253093744707e-13    
14999.99999999763         104999.9999998463         -3.321670345837655        59999.99999992194         26249.99999999158           7.986460182172368e-14     4.056396227975512e-13     102290.0854891208         102290.0854891208         17165.68378737758         23647.93858761256         -1.071801957821354e-13    
14999.99999999738         104999.999999869          -3.321670345837033        59999.99999993318         26249.99999999189           -9.911454391199575e-14    5.27687725203627e-13      102290.0854891214         102290.0854891214         14148.7258551929          23374.98961581945         -1.068759551297816e-13    
14999.99999999662         104999.999999935          -3.321670345835226        59999.99999996581         26249.99999999281           -2.171470179302691e-13    5.957063932196186e-13     102290.0854891232         102290.0854891232         11017.28483470377         22907.37563837505         -1.100175008976378e-13    
14999.99999999579         105000.000000015          -3.321670345833036        60000.00000000537         26249.99999999402           -1.123976855863076e-13    5.517299158297142e-13     102290.0854891256         102290.0854891256         8026.463897028853         22266.42420264905         -1.112805442605509e-13    
14999.99999999555         105000.0000000378         -3.321670345832411        60000.00000001667         26249.99999999439           -5.038915461644589e-14    5.318147853143608e-13     102290.0854891263         102290.0854891263         5510.257314877472         21562.05726011472         -1.093885452475994e-13    
14999.99999999532         105000.0000000692         -3.321670345831548        60000.00000003226         26249.99999999501           -1.864300025915242e-13    5.6313035639168e-13       102290.0854891275         102290.0854891275         2967.19810617692          20675.90450144517         -1.084176894267412e-13    
14999.99999999537         105000.0000000705         -3.32167034583151         60000.00000003293         26249.99999999511           -2.833507510672727e-13    5.741354624426903e-13     102290.0854891277         102290.0854891277         889.7149503793303         19803.42141626674         -1.086883939942715e-13    
14999.99999999563         105000.0000000571         -3.321670345831873        60000.00000002639         26249.99999999509           -3.285926996796731e-13    5.672049012997412e-13     102290.0854891277         102290.0854891277         -1178.0295769114          18781.52089228195         -1.079289607605135e-13    
14999.99999999606         105000.0000000308         -3.32167034583259         60000.00000001342         26249.99999999494           -2.371711287814121e-13    5.779098088405605e-13     102290.0854891274         102290.0854891274         -3080.759250816857        17683.24522585725         -1.070483807381296e-13    
14999.9999999966          104999.9999999977         -3.321670345833493        59999.99999999713         26249.99999999474           -3.020310163774164e-13    5.665267028020861e-13     102290.085489127          102290.085489127          -4824.228832710221        16519.30644196858         -1.057355157834538e-13    
14999.99999999723         104999.9999999603         -3.321670345834509        59999.99999997877         26249.99999999452           -2.514153470990523e-13    5.876853560734957e-13     102290.0854891265         102290.0854891265         -6434.974441256394        15282.93793136786         -1.036210899823109e-13    
14999.99999999794         104999.9999999208         -3.321670345835582        59999.99999995939         26249.99999999436           -3.836441717670236e-13    5.260636245784494e-13     102290.0854891262         102290.0854891262         -7936.747933019848        13959.84368894264         -1.015607036318798e-13    
14999.99999999868         104999.9999998839         -3.321670345836583        59999.9999999413          26249.99999999436           -3.317362747821385e-13    5.581994613929499e-13     102290.0854891262         102290.0854891262         -9348.370669439668        12528.71732526226         -9.868714915818052e-14    
14999.99999999936         104999.9999998655         -3.321670345837074        59999.99999993244         26249.9999999948            -4.043309365246358e-13    5.054726129259807e-13     102290.0854891271         102290.0854891271         -10684.38212751073        10958.48039327639         -9.638507879572573e-14    
14999.99999999944         104999.9999998969         -3.321670345836203        59999.99999994816         26249.99999999594           -5.615202223039428e-13    3.293348575431105e-13     102290.0854891293         102290.0854891293         -11908.35383016482        9272.969133922097         -9.522617379907484e-14    
14999.99999999908         104999.9999999522         -3.321670345834683        59999.99999997563         26249.9999999971            -5.512358640712591e-13    3.522843218605891e-13     102290.0854891316         102290.0854891316         -12961.4810574271         7558.121040553358         -9.587870328535139e-14    
14999.99999999869         105000.0000000011         -3.32167034583334         59999.99999999988         26249.99999999802           -6.238652532113893e-13    2.053334827039225e-13     102290.0854891334         102290.0854891334         -13859.18209801417        5812.965830734828         -9.619562463645972e-14    
14999.99999999851         105000.0000000313         -3.321670345832509        60000.0000000149          26249.99999999869           -6.398994122382591e-13    1.567194584081966e-13     102290.0854891347         102290.0854891347         -14617.96810293856        4022.780281417038         -9.760943200352896e-14    
14999.99999999865         105000.000000036          -3.321670345832374        60000.00000001734         26249.99999999905           -6.387567667329451e-13    1.625101743777448e-13     102290.0854891354         102290.0854891354         -15244.3154105504         2181.357959802702         -9.865963486950159e-14    
14999.99999999912         105000.0000000148         -3.321670345832949        60000.00000000694         26249.99999999909           -6.398296581295447e-13    1.495462162898341e-13     102290.0854891355         102290.0854891355         -15740.6794589575         284.8009707961401         -9.887511987272699e-14    
15000.00000000014         104999.9999999532         -3.321670345834626        59999.99999997665         26249.99999999876           -6.393560470935121e-13    1.391566012575763e-13     102290.0854891348         102290.0854891348         -16118.45449464998        -1745.50386235379         -9.837251496928093e-14    
15000.00000000178         104999.9999998459         -3.32167034583755         59999.99999992384         26249.99999999791           -6.378510323088291e-13    1.307094482859692e-13     102290.0854891331         102290.0854891331         -16359.42251359397        -3910.737237196045        -9.701530880684592e-14    
15000.0000000024          104999.9999998034         -3.321670345838708        59999.99999990292         26249.99999999753           -6.405826452850697e-13    1.464990733302426e-13     102290.0854891324         102290.0854891324         -16443.64635166178        -5949.457355930069        -9.445611901111031e-14    
15000.00000000263         104999.9999997847         -3.32167034583922         59999.99999989368         26249.99999999733           -6.355886581173441e-13    1.343673058213023e-13     102290.085489132          102290.085489132          -16401.54046746161        -7907.981328420645        -9.152459797465792e-14    
15000.00000000278         104999.9999997757         -3.321670345839465        59999.99999988925         26249.99999999725           -6.557991312044526e-13    1.770327702783374e-13     102290.0854891319         102290.0854891319         -16246.3696813325         -9848.627350065894        -8.711328469824975e-14    
15000.00000000284         104999.9999997714         -3.321670345839582        59999.99999988713         26249.99999999721           -6.840584866269307e-13    2.194722004884649e-13     102290.0854891318         102290.0854891318         -15979.90771602941        -11805.47114173692        -8.153496714274581e-14    
15000.00000000286         104999.9999997701         -3.321670345839619        59999.99999988646         26249.99999999721           -7.730529246590005e-13    3.322895361237093e-13     102290.0854891318         102290.0854891318         -15598.20891988407        -13800.12874044763        -7.305304919450511e-14    
15000.00000000283         104999.9999997709         -3.321670345839596        59999.99999988687         26249.9999999972            -7.11637691328845e-13     2.711819780079696e-13     102290.0854891318         102290.0854891318         -15093.21407885902        -15849.61890832341        -6.298527354602837e-14    
15000.0000000028          104999.999999774          -3.321670345839511        59999.99999988842         26249.99999999722           -8.235024552459832e-13    3.73793759374308e-13      102290.0854891318         102290.0854891318         -14453.4122205888         -17968.11685777238        -5.069944439282499e-14    
15000.00000000271         104999.9999997798         -3.321670345839353        59999.99999989127         26249.9999999973            -8.092059955663362e-13    3.636991948757362e-13     102290.0854891319         102290.0854891319         -13664.24665488754        -20167.39522030201        -3.638988955643334e-14    
15000.00000000262         104999.9999997878         -3.321670345839134        59999.99999989522         26249.99999999739           -7.387962585916183e-13    3.14218158267037e-13      102290.0854891321         102290.0854891321         -12710.0331623344         -22453.25998248096        -2.282628797265002e-14    
15000.00000000244         104999.9999998041         -3.321670345838688        59999.99999990327         26249.99999999759           -6.253616152820794e-13    2.526141715372677e-13     102290.0854891325         102290.0854891325         -11507.32141976166        -24958.49347373158        -8.714118818894902e-15    
15000.00000000231         104999.9999998141         -3.321670345838415        59999.99999990821         26249.99999999773           -5.065747333967854e-13    2.017242042473929e-13     102290.0854891328         102290.0854891328         -10173.36954409836        -27404.34842845268        3.661629700554886e-15     
15000.00000000211         104999.9999998321         -3.321670345837921        59999.99999991713         26249.99999999798           -6.538289100533698e-14    5.354783061799667e-14     102290.0854891333         102290.0854891333         -8528.652645845261        -30081.83527476532        1.029610102063915e-14     
15000.00000000195         104999.9999998493         -3.321670345837452        59999.9999999256          26249.99999999824           -3.035398596950502e-13    1.110661315827742e-13     102290.0854891338         102290.0854891338         -6617.408585276114        -32852.57159228357        1.60344060515599e-14      
15000.00000000178         104999.9999998623         -3.321670345837096        59999.99999993204         26249.99999999845           -2.654676127126347e-14    6.156162844906436e-14     102290.0854891342         102290.0854891342         -4435.284173545646        -35682.96205257179        2.032414785632373e-14     
15000.00000000174         104999.9999998698         -3.321670345836889        59999.99999993578         26249.9999999986            -1.852277835880579e-13    7.634039208627705e-14     102290.0854891345         102290.0854891345         -1993.775248130086        -38527.69564984265        2.51433636955858e-14      
15000.00000000172         104999.999999872          -3.321670345836829        59999.99999993687         26249.99999999864           -1.07957793099712e-12     9.773952481101196e-14     102290.0854891346         102290.0854891346         690.3217991737247         -41346.29869887415        4.679264607423486e-14     
15000.00000000175         104999.9999998712         -3.321670345836852        59999.99999993645         26249.99999999865           -9.877201151883994e-13    9.71546642594052e-14      102290.0854891346         102290.0854891346         3609.184433603304         -44115.00438740638        7.675076687065059e-14     
15000.00000000178         104999.9999998684         -3.321670345836927        59999.99999993508         26249.99999999864           -1.180811571395533e-12    8.192423451916534e-14     102290.0854891346         102290.0854891346         6764.234936386044         -46820.32050129298        1.155831060752104e-13     
15000.00000000184         104999.9999998646         -3.32167034583703         59999.99999993322         26249.99999999861           -9.403714527952357e-13    1.21451278392615e-13      102290.0854891345         102290.0854891345         10161.02901446883         -49450.48784553505        1.521258537208107e-13     
15000.0000000019          104999.9999998603         -3.321670345837148        59999.99999993109         26249.99999999854           -8.184633348729041e-13    1.528103956803073e-13     102290.0854891344         102290.0854891344         13805.93348156604         -51991.46989996253        1.881363902840252e-13     
15000.00000000196         104999.9999998558         -3.321670345837271        59999.99999992888         26249.99999999849           -1.060310730029824e-12    8.422480903790382e-14     102290.0854891343         102290.0854891343         17704.77147392847         -54425.67264255689        2.28336411490165e-13      
15000.00000000199         104999.9999998512         -3.321670345837397        59999.99999992661         26249.9999999984            -8.293923669076782e-13    1.690391448364972e-13     102290.0854891341         102290.0854891341         21861.35533426439         -56730.98282083839        2.710076732628073e-13     
15000.00000000204         104999.9999998468         -3.321670345837517        59999.99999992442         26249.99999999833           -1.08875352702234e-12     6.001746980539576e-14     102290.085489134          102290.085489134          26277.05875536991         -58880.59737919918        3.142348031220141e-13     
15000.00000000209         104999.9999998426         -3.321670345837632        59999.99999992237         26249.9999999983            -1.037500444744661e-12    8.197319780902235e-14     102290.0854891339         102290.0854891339         30949.76103980157         -60842.44883270304        3.626728901387461e-13     
15000.00000000216         104999.9999998387         -3.321670345837739        59999.99999992042         26249.99999999825           -1.527252988303341e-12    -1.785756343124448e-13    102290.0854891338         102290.0854891338         35872.48002407779         -62578.57164286788        4.263496699664563e-13     
15000.00000000221         104999.999999835          -3.321670345837841        59999.99999991858         26249.99999999822           -1.548815544476166e-12    -1.904078075532002e-13    102290.0854891338         102290.0854891338         41032.03749943982         -64044.5661882509         5.020669581170332e-13     
15000.00000000223         104999.9999998333         -3.321670345837887        59999.99999991775         26249.99999999821           -1.44573102390572e-12     -1.22786800963571e-13     102290.0854891337         102290.0854891337         46029.94702809317         -65121.48985542504        5.724001769471761e-13     
15000.00000000222         104999.9999998326         -3.321670345837906        59999.9999999174          26249.99999999818           -1.228578013908649e-12    3.698616714286929e-14     102290.0854891337         102290.0854891337         50764.09703994955         -65824.49138914303        6.33514468679414e-13      
15000.00000000222         104999.9999998323         -3.321670345837914        59999.99999991726         26249.99999999817           -1.295305222687936e-12    -1.572276486395399e-14    102290.0854891336         102290.0854891336         55241.38433819405         -66193.88815892412        6.893503154840105e-13     
15000.00000000222         104999.9999998322         -3.321670345837918        59999.99999991719         26249.99999999816           -1.078423402843237e-12    1.684997921914144e-13     102290.0854891336         102290.0854891336         59468.13917516992         -66262.69066954913        7.361132044992163e-13     
15000.00000000222         104999.9999998321         -3.32167034583792         59999.99999991715         26249.99999999815           -9.83557714549079e-13     2.539831787712247e-13     102290.0854891336         102290.0854891336         63449.99951774679         -66058.32864978915        7.741164789329926e-13     
15000.00000000224         104999.9999998321         -3.32167034583792         59999.99999991716         26249.99999999815           -1.014201908127502e-12    2.208436691733342e-13     102290.0854891336         102290.0854891336         67191.86818087554         -65603.88986557872        8.078429524670951e-13     
15000.00000000222         104999.9999998321         -3.321670345837921        59999.99999991714         26249.99999999816           -1.377395617328324e-12    -1.590903440483815e-13    102290.0854891336         102290.0854891336         70697.91064829603         -64919.02946824472        8.510209091289675e-13     
15000.00000000224         104999.9999998321         -3.32167034583792         59999.99999991716         26249.99999999816           -1.371147921560534e-12    -1.521421520262644e-13    102290.0854891336         102290.0854891336         73971.57137966924         -64020.65099019887        8.96330531914247e-13      
15000.00000000223         104999.9999998321         -3.32167034583792         59999.99999991716         26249.99999999816           -1.676988400700191e-12    -5.138711252985504e-13    102290.0854891336         102290.0854891336         77015.59672770507         -62923.42559816506        9.465211648090912e-13     
15000.00000000222         104999.9999998321         -3.32167034583792         59999.99999991716         26249.99999999816           -1.670943934173904e-12    -5.045990418760295e-13    102290.0854891336         102290.0854891336         79832.05804486564         -61640.19459125535        1.000011971069809e-12     
15000.00000000223         104999.9999998321         -3.321670345837919        59999.99999991716         26249.99999999817           -1.514746264083183e-12    -2.973010376777628e-13    102290.0854891337         102290.0854891337         82422.3714784748          -60182.28622197625        1.045621602707962e-12     
15000.00000000224         104999.9999998321         -3.321670345837919        59999.99999991717         26249.99999999817           -1.613886978299209e-12    -4.375467881961577e-13    102290.0854891337         102290.0854891337         84787.31251165437         -58559.76876237612        1.087246142343596e-12     
15000.00000000223         104999.9999998321         -3.32167034583792         59999.99999991715         26249.99999999817           -1.637458746849232e-12    -4.723635566119808e-13    102290.0854891337         102290.0854891337         86927.0241161039          -56781.65558829259        1.12931600985667e-12      
15000.00000000224         104999.9999998321         -3.321670345837919        59999.99999991716         26249.99999999818           -1.670371631736564e-12    -5.217588548447451e-13    102290.0854891337         102290.0854891337         88841.01776542109         -54856.07385398662        1.170943136491489e-12     
15000.00000000225         104999.9999998321         -3.321670345837918        59999.99999991719         26249.99999999819           -1.766204598383531e-12    -6.804332149385236e-13    102290.0854891337         102290.0854891337         90528.16668841959         -52790.40542166121        1.211954398283477e-12     
15000.00000000224         104999.9999998321         -3.321670345837919        59999.99999991717         26249.99999999817           -1.583812229422196e-12    -3.614686141316247e-13    102290.0854891337         102290.0854891337         91986.69071348188         -50591.40668131491        1.245501354572232e-12     
15000.00000000223         104999.9999998321         -3.321670345837919        59999.99999991716         26249.99999999818           -1.624334359677169e-12    -4.381859954456436e-13    102290.0854891337         102290.0854891337         93214.13191429926         -48265.31248094203        1.27345414424116e-12      
15000.00000000223         104999.9999998321         -3.32167034583792         59999.99999991715         26249.99999999817           -1.545948117746227e-12    -2.825027995351616e-13    102290.0854891337         102290.0854891337         94207.32003385929         -45817.9284148488         1.297251198917623e-12     
15000.00000000223         104999.9999998321         -3.32167034583792         59999.99999991715         26249.99999999817           -1.628235308975755e-12    -4.563548884431129e-13    102290.0854891336         102290.0854891336         94962.3263384469          -43254.71508093247        1.318617649465828e-12     
15000.00000000223         104999.9999998321         -3.321670345837921        59999.99999991714         26249.99999999816           -1.599307075397335e-12    -3.910517762518369e-13    102290.0854891336         102290.0854891336         95474.40412365978         -40580.86755197257        1.337604412412082e-12     
15000.00000000224         104999.9999998321         -3.32167034583792         59999.99999991715         26249.99999999818           -1.618676731798658e-12    -4.364053349790334e-13    102290.0854891337         102290.0854891337         95737.91353320304         -37801.39318050269        1.35371871742395e-12      
15000.00000000223         104999.9999998321         -3.32167034583792         59999.99999991715         26249.99999999818           -1.617468326529798e-12    -4.343604278782599e-13    102290.0854891337         102290.0854891337         95746.22761579648         -34921.19097007113        1.365705253187271e-12     
15000.00000000226         104999.9999998321         -3.32167034583792         59999.99999991716         26249.9999999982            -1.60662161386337e-12     -4.056370688144703e-13    102290.0854891337         102290.0854891337         95491.6155721542          -31945.13612642629        1.373161059237488e-12     
15000.00000000222         104999.999999832          -3.321670345837921        59999.99999991713         26249.99999999817           -1.557899541259099e-12    -2.539012670678192e-13    102290.0854891337         102290.0854891337         94965.09783910179         -28878.17411649191        1.374657931782814e-12     
15000.00000000225         104999.999999832          -3.321670345837921        59999.99999991714         26249.99999999817           -1.56200216712211e-12     -2.642463303829184e-13    102290.0854891336         102290.0854891336         94156.26588372696         -25725.42972932532        1.371339561251131e-12     
15000.00000000221         104999.999999832          -3.321670345837922        59999.99999991711         26249.99999999815           -1.532216029412943e-12    -1.487543657680023e-13    102290.0854891336         102290.0854891336         93053.05713205674         -22492.33844972055        1.361144157003163e-12     
15000.00000000222         104999.999999832          -3.321670345837922        59999.99999991711         26249.99999999813           -1.543524392395929e-12    -1.981094335732594e-13    102290.0854891336         102290.0854891336         91641.47202468368         -19184.81024837445        1.345684235920159e-12     
15000.00000000222         104999.999999832          -3.321670345837923        59999.9999999171          26249.99999999814           -1.544861916862879e-12    -2.073605973687302e-13    102290.0854891336         102290.0854891336         89905.21530092295         -15809.44020470376        1.325767669783084e-12     
15000.00000000221         104999.9999998319         -3.321670345837925        59999.99999991706         26249.99999999815           -1.538720523559554e-12    -1.694979174795019e-13    102290.0854891336         102290.0854891336         87825.23652040021         -12373.78712515879        1.300626176380465e-12     
15000.00000000222         104999.9999998318         -3.321670345837929        59999.99999991699         26249.99999999813           -1.540267956812676e-12    -1.826980057841629e-13    102290.0854891336         102290.0854891336         85379.13435102756         -8886.75208561048         1.269753097930009e-12     
15000.00000000221         104999.9999998314         -3.321670345837939        59999.99999991681         26249.99999999812           -1.53816866787279e-12     -1.547844044772158e-13    102290.0854891335         102290.0854891335         82540.37335409904         -5359.10643338974         1.233076592192057e-12     
15000.00000000221         104999.9999998305         -3.321670345837964        59999.99999991636         26249.99999999808           -1.538421043232725e-12    -1.635593229084698e-13    102290.0854891335         102290.0854891335         79277.23766648577         -1804.248432040156        1.189427777304043e-12     
15000.00000000222         104999.9999998283         -3.321670345838024        59999.99999991527         26249.99999999801           -1.53829335961972e-12     -1.699736783329343e-13    102290.0854891333         102290.0854891333         75551.40765059998         1760.680627486593         1.139108423893557e-12     
15000.00000000219         104999.9999998221         -3.321670345838198        59999.99999991213         26249.99999999776           -1.538339307835638e-12    -1.735853850634794e-13    102290.0854891329         102290.0854891329         71315.98377824554         5313.096485640193         1.08153646067816e-12      
15000.00000000206         104999.9999998025         -3.321670345838742        59999.99999990231         26249.99999999698           -1.538561929468343e-12    -1.707773374692936e-13    102290.0854891313         102290.0854891313         66512.68009392962         8822.286473250912         1.015157270787046e-12     
15000.000000002           104999.9999997896         -3.321670345839103        59999.99999989578         26249.99999999647           -1.548038967619136e-12    -1.091047971420845e-13    102290.0854891303         102290.0854891303         61884.92565578392         11765.3880291819          9.491040723385155e-13     
15000.00000000182         104999.9999997506         -3.321670345840187        59999.99999987621         26249.99999999498           -1.577783892224343e-12    3.597018180937463e-14     102290.0854891274         102290.0854891274         56754.76448463753         14592.18119786221         8.702883507671632e-13     
15000.00000000176         104999.9999997366         -3.321670345840575        59999.99999986919         26249.99999999447           -1.592393442813099e-12    8.967094284720577e-14     102290.0854891264         102290.0854891264         52172.51855775416         16767.69109092284         7.974927519792745e-13     
15000.00000000162         104999.9999996974         -3.321670345841666        59999.9999998495          26249.99999999302           -1.622089860852262e-12    1.72371073517838e-13      102290.0854891236         102290.0854891236         47175.91840231406         18791.47622432559         7.164376844206237e-13     
15000.00000000158         104999.999999684          -3.321670345842036        59999.9999998428          26249.99999999252           -1.635661912361444e-12    2.050208142790086e-13     102290.0854891226         102290.0854891226         42747.62525620798         20295.07235311735         6.428751124935249e-13     
15000.00000000133         104999.9999996532         -3.321670345842897        59999.99999982726         26249.99999999121           -1.677865993435628e-12    2.860641223557791e-13     102290.0854891201         102290.0854891201         37978.43357169694         21617.0246690067          5.625067836133707e-13     
15000.00000000093         104999.9999996314         -3.321670345843511        59999.99999981616         26249.99999998993           -1.599741036152391e-12    1.747269705144331e-13     102290.0854891176         102290.0854891176         33275.75894802723         22619.39083108283         4.817708307489883e-13     
15000.00000000027         104999.9999996365         -3.321670345843389        59999.99999981837         26249.99999998903           -1.577723298898451e-12    1.45039776807566e-13      102290.0854891158         102290.0854891158         28712.09767864854         23301.02308185311         4.098165533856411e-13     
15000.00000000007         104999.9999996466         -3.321670345843115        59999.99999982331         26249.99999998903           -1.403538855703087e-12    -5.895741935209712e-14    102290.0854891158         102290.0854891158         24962.88443288664         23638.61564596775         3.561444870568694e-13     
14999.99999999982         104999.9999996601         -3.321670345842747        59999.99999982995         26249.99999998914           -1.397055293623895e-12    -6.513575821911419e-14    102290.0854891161         102290.0854891161         21496.40251072079         23763.16715008327         3.087248845328303e-13     
14999.99999999964         104999.9999996773         -3.321670345842277        59999.99999983846         26249.99999998934           -1.328006863559156e-12    -1.253251060675205e-13    102290.0854891164         102290.0854891164         18251.3709783584          23706.41768672251         2.659979714513855e-13     
14999.99999999936         104999.999999698          -3.321670345841712        59999.99999984866         26249.9999999896            -1.434235291886961e-12    -5.577281862974002e-14    102290.085489117          102290.085489117          15181.78561399265         23487.25248511048         2.256739046021132e-13     
14999.99999999863         104999.9999997625         -3.321670345839946        59999.99999988055         26249.9999999905            -1.510922277060467e-12    -3.831699084644445e-15    102290.0854891187         102290.0854891187         11987.72741327191         23073.48655868434         1.779344984446571e-13     
14999.99999999778         104999.9999998419         -3.321670345837772        59999.99999991983         26249.99999999165           -1.417272572614021e-12    -4.699153547022062e-14    102290.0854891209         102290.0854891209         8939.433347872977         22483.57331667637         1.341884823541306e-13     
14999.99999999701         104999.9999999187         -3.321670345835665        59999.99999995788         26249.99999999286           -1.082440947606168e-12    -1.647624773263994e-13    102290.0854891233         102290.0854891233         6069.312726841214         21732.5930272102          9.923140093894116e-14     
14999.99999999687         104999.9999999322         -3.321670345835296        59999.99999996456         26249.99999999311           -9.839811623251257e-13    -1.998440996933872e-13    102290.0854891238         102290.0854891238         3725.183599834586         20959.79566035729         7.678360951977417e-14     
14999.99999999689         104999.9999999419         -3.321670345835027        59999.9999999694          26249.99999999342           -1.081602606794073e-12    -1.907959856433337e-13    102290.0854891244         102290.0854891244         1367.843003930569         20017.10674595386         5.180019299741214e-14     
14999.99999999717         104999.9999999297         -3.321670345835358        59999.99999996343         26249.99999999346           -8.928345374300496e-13    -1.979420153569603e-13    102290.0854891245         102290.0854891245         -784.2975104576932        18989.02569333981         2.990004452360074e-14     
14999.99999999758         104999.9999999044         -3.321670345836047        59999.99999995098         26249.99999999335           -9.410781794602609e-13    -2.10837188569513e-13     102290.0854891242         102290.0854891242         -2729.11981414305         17898.83358607779         1.178437421354695e-14     
14999.99999999813         104999.9999998725         -3.321670345836914        59999.99999993532         26249.99999999315           -9.294812400722154e-13    -2.098314240924271e-13    102290.0854891239         102290.0854891239         -4502.278437503504        16746.89361251514         -6.557417624546316e-15    
14999.99999999874         104999.9999998357         -3.321670345837916        59999.99999991723         26249.99999999294           -8.635288553557037e-13    -1.892014981098068e-13    102290.0854891234         102290.0854891234         -6136.535402205005        15525.14803855167         -2.308820168789921e-14    
14999.99999999943         104999.9999997959         -3.321670345838999        59999.99999989766         26249.99999999275           -9.997692676263204e-13    -2.544422494983128e-13    102290.0854891231         102290.0854891231         -7657.511676484366        14220.02224453757         -3.947176672613023e-14    
15000.00000000018         104999.9999997575         -3.32167034584004         59999.99999987886         26249.99999999269           -1.14158663359654e-12     -3.424559141824068e-13    102290.085489123          102290.085489123          -9085.070668493965        12811.59461647078         -5.850018469826288e-14    
15000.00000000088         104999.9999997329         -3.321670345840701        59999.99999986692         26249.99999999299           -1.125748540128278e-12    -3.29294268576688e-13     102290.0854891236         102290.0854891236         -10434.54211072448        11270.97925333242         -7.855308400871738e-14    
15000.00000000112         104999.9999997557         -3.321670345840065        59999.9999998784          26249.99999999408           -1.033225309044795e-12    -2.369127414232486e-13    102290.0854891257         102290.0854891257         -11692.37100806401        9591.281225920362         -9.588961503333523e-14    
15000.00000000079         104999.9999998093         -3.321670345838591        59999.99999990503         26249.99999999526           -1.006391532826852e-12    -2.012052660635794e-13    102290.085489128          102290.085489128          -12777.01828927823        7880.628088310263         -1.102067624241552e-13    
15000.0000000004          104999.9999998605         -3.321670345837184        59999.99999993045         26249.99999999623           -9.986291961835671e-13    -1.919441105500699e-13    102290.0854891299         102290.0854891299         -13702.37183487329        6142.051183120939         -1.222470189576638e-13    
15000.00000000016         104999.9999998949         -3.321670345836239        59999.99999994752         26249.99999999694           -9.629075723692137e-13    -9.660625650543386e-14    102290.0854891313         102290.0854891313         -14486.15919153689        4361.571331081214         -1.322462214848469e-13    
15000.00000000023         104999.9999999044         -3.321670345835972        59999.99999995234         26249.99999999739           -9.43379766272027e-13     -9.997311595881161e-15    102290.0854891321         102290.0854891321         -15139.08593804253        2523.503093773814         -1.393749847689372e-13    
15000.00000000063         104999.9999998881         -3.321670345836413        59999.99999994438         26249.99999999748           -9.456989249772151e-13    -2.524532484841082e-14    102290.0854891323         102290.0854891323         -15658.18752516474        641.7952999766289         -1.446056937783806e-13    
15000.00000000152         104999.999999837          -3.321670345837802        59999.99999991928         26249.99999999722           -9.464264305225235e-13    -8.482570942665895e-15    102290.0854891318         102290.0854891318         -16057.72848268978        -1356.054864388705        -1.486846101363089e-13    
15000.00000000324         104999.9999997248         -3.321670345840861        59999.99999986403         26249.99999999636           -9.465962823206834e-13    -5.836526879900172e-15    102290.0854891301         102290.0854891301         -16328.06513204158        -3523.4328863982          -1.513015683604659e-13    
15000.00000000399         104999.9999996735         -3.321670345842261        59999.99999983874         26249.99999999591           -9.480262757989862e-13    2.641283233464317e-15     102290.0854891293         102290.0854891293         -16438.37274690684        -5585.096594545375        -1.522069064563231e-13    
15000.00000000429         104999.9999996532         -3.321670345842815        59999.99999982873         26249.99999999573           -9.280523444903095e-13    -4.415674941881965e-14    102290.0854891289         102290.0854891289         -16417.86875319816        -7552.525907673285        -1.522155007249336e-13    
15000.00000000444         104999.9999996429         -3.321670345843096        59999.99999982367         26249.99999999563           -9.175852624629318e-13    -6.083035197225703e-14    102290.0854891287         102290.0854891287         -16283.02409017726        -9493.253022687786        -1.517110947947797e-13    
15000.00000000449         104999.9999996371         -3.321670345843255        59999.99999982078         26249.99999999556           -8.407088064419139e-13    -1.844693275877947e-13    102290.0854891286         102290.0854891286         -16037.07633215331        -11445.30729223011        -1.524470271746246e-13    
15000.00000000453         104999.999999635          -3.321670345843312        59999.99999981975         26249.99999999551           -8.163445258256204e-13    -2.145571002444407e-13    102290.0854891285         102290.0854891285         -15676.93386135541        -13431.73632651684        -1.532861514577541e-13    
15000.00000000453         104999.9999996359         -3.321670345843287        59999.9999998202          26249.99999999554           -7.576922620167327e-13    -2.782190708535097e-13    102290.0854891285         102290.0854891285         -15195.25751804314        -15470.03871127998        -1.546326680778275e-13    
15000.00000000448         104999.9999996391         -3.3216703458432          59999.99999982177         26249.99999999556           -8.723293241511682e-13    -1.739335864834886e-13    102290.0854891286         102290.0854891286         -14581.06309018258        -17575.11921026564        -1.542318823231172e-13    
15000.0000000044          104999.9999996444         -3.321670345843055        59999.9999998244          26249.99999999564           -1.022323392923408e-12    -5.875185157683388e-14    102290.0854891287         102290.0854891287         -13820.3651983604         -19758.99529061705        -1.494745079793199e-13    
15000.00000000431         104999.9999996516         -3.321670345842858        59999.99999982797         26249.99999999571           -1.057960775580664e-12    -3.49411579365869e-14     102290.0854891289         102290.0854891289         -12897.39951641113        -22029.10508803056        -1.40919475885769e-13     
15000.00000000412         104999.9999996677         -3.321670345842417        59999.99999983592         26249.99999999589           -1.268588877512625e-12    8.100465610254341e-14     102290.0854891292         102290.0854891292         -11729.74540229789        -24519.96299840044        -1.260532076146102e-13    
15000.00000000396         104999.9999996776         -3.321670345842149        59999.99999984077         26249.99999999601           -1.434594912471359e-12    1.504786675744365e-13     102290.0854891294         102290.0854891294         -10430.33164828302        -26955.09822932412        -1.066294294307556e-13    
15000.00000000378         104999.9999996956         -3.321670345841653        59999.99999984972         26249.99999999625           -1.242657601838444e-12    8.381954558563033e-14     102290.0854891299         102290.0854891299         -8828.011320176951        -29617.35838936872        -8.297658383902754e-14    
15000.00000000357         104999.9999997131         -3.321670345841175        59999.99999985835         26249.99999999649           -1.592604311036043e-12    1.847019654023763e-13     102290.0854891304         102290.0854891304         -6962.618132370617        -32374.67706088884        -4.9946474742566e-14      
15000.00000000342         104999.9999997271         -3.321670345840793        59999.99999986525         26249.99999999673           -1.874057083954745e-12    2.354115213405706e-13     102290.0854891308         102290.0854891308         -4826.45279304964         -35197.69609521622        -7.421099103593863e-15    
15000.00000000337         104999.9999997356         -3.32167034584056         59999.99999986947         26249.99999999689           -2.420560948917421e-12    2.930821862412369e-13     102290.0854891311         102290.0854891311         -2427.899746792231        -38043.26927077863        5.154874188889378e-14     
15000.00000000336         104999.9999997387         -3.321670345840474        59999.99999987103         26249.99999999696           -2.719336207310804e-12    3.030259868900698e-13     102290.0854891313         102290.0854891313         215.6700732573637         -40868.44248248683        1.268029007203825e-13     
15000.00000000337         104999.9999997381         -3.321670345840489        59999.99999987075         26249.99999999698           -2.653295688409657e-12    3.018144992983789e-13     102290.0854891313         102290.0854891313         3094.664961218969         -43646.86025648345        2.090556124836141e-13     
15000.00000000342         104999.9999997356         -3.321670345840558        59999.9999998695          26249.99999999697           -3.187445949771139e-12    2.55239592756047e-13      102290.0854891313         102290.0854891313         6209.127380415818         -46363.82808326532        3.091711417355672e-13     
15000.00000000345         104999.9999997318         -3.321670345840661        59999.99999986764         26249.99999999689           -3.052853249335806e-12    2.731454224233585e-13     102290.0854891312         102290.0854891312         9564.154447097739         -49007.66103921969        4.163079740708111e-13     
15000.00000000348         104999.9999997276         -3.321670345840778        59999.99999986552         26249.99999999683           -2.767711976850015e-12    3.362409866101733e-13     102290.085489131          102290.085489131          13166.20878388769         -51564.93906654725        5.257451831225368e-13     
15000.00000000354         104999.999999723          -3.321670345840903        59999.99999986327         26249.99999999675           -2.832492668345943e-12    3.181654875322433e-13     102290.0854891309         102290.0854891309         17021.40440920944         -54018.80779456047        6.393574039866569e-13     
15000.00000000358         104999.9999997185         -3.321670345841028        59999.99999986101         26249.99999999667           -2.908977112990542e-12    2.865990982419307e-13     102290.0854891307         102290.0854891307         21133.88162674302         -56347.89372908769        7.58893035627427e-13      
15000.00000000363         104999.999999714          -3.321670345841149        59999.99999985882         26249.99999999659           -2.521185676917639e-12    4.414681580535503e-13     102290.0854891306         102290.0854891306         25505.43178624824         -58526.19415226785        8.812328194109638e-13     
15000.00000000361         104999.999999714          -3.321670345841151        59999.9999998588          26249.99999999659           -2.511000610822681e-12    4.459282996759317e-13     102290.0854891306         102290.0854891306         25704.80951814003         -58618.6118975134         8.865423261728328e-13     
